w1,w2,w3,w4,w5,w6,w7,w8,w9,w10,Z,Y
0.0,-1.8576866289160576,1.0,0.2654913548786757,0.0,0.0,-1.0173370693690331,1.0,1.0,-2.0991610778982457,0,-4.480893733318114
0.0,0.80195460407086,0.0,2.0591372515576696,0.0,1.0,-0.9744155686763083,0.0,1.0,-0.25120885973290635,0,-4.469585238805006
1.0,-0.8121149339068545,1.0,0.8209658432231247,1.0,0.0,-0.7524327540701935,1.0,1.0,0.7579266290746692,0,-3.6589657592115055
1.0,-0.36485795366764373,0.0,-0.9047342906338388,0.0,0.0,0.06446989045108399,0.0,0.0,0.425652690298019,1,-3.0126924757324085
0.0,-1.1848954510688035,1.0,0.526672703299563,1.0,0.0,-0.2820001694659812,1.0,1.0,1.5506623528094172,0,-3.581470830159287
1.0,-2.161850637689626,0.0,-0.028241052777448712,1.0,0.0,1.5712300854091679,1.0,1.0,1.0387634441332625,1,-1.8858025934948874
1.0,-0.6603211945004429,0.0,0.8705552204073375,1.0,0.0,1.3021786381931615,0.0,1.0,-0.8540057327381804,1,-4.050809171644536
0.0,-0.756472381857747,1.0,0.45881860597176727,0.0,0.0,1.130729022441558,1.0,1.0,0.6609944764968372,1,-4.03678181868287
0.0,-1.283510770788027,1.0,1.1309124505105268,0.0,0.0,0.34129598132770994,1.0,1.0,-1.0235763800038356,1,-4.799740328385458
1.0,0.08536673976913202,1.0,-2.2216805648959705,1.0,1.0,0.2951191391727301,0.0,0.0,0.1225470467401787,0,-4.104605967734511
1.0,-0.47240617338022883,0.0,0.1276781405751827,1.0,0.0,0.5590580286427401,0.0,1.0,1.936686144176854,0,-3.30904386341052
1.0,-0.18244585052865944,0.0,0.25420115697576007,1.0,0.0,1.7736253292288515,1.0,1.0,0.4301160812379375,1,-3.27080514818733
0.0,0.8332278861717809,0.0,-0.20149104933985462,1.0,1.0,-0.16588763717434232,0.0,0.0,1.0791125836422355,0,-3.5431144267736565
0.0,0.6322878937408842,1.0,0.887765231530852,0.0,1.0,-1.4910343514757365,0.0,1.0,-1.9483623279812337,0,-5.381592584349171
0.0,-1.3642328220502722,1.0,-1.4530171886848213,1.0,0.0,-1.6935675430215196,1.0,0.0,0.20561234595105854,1,-2.907290616020599
1.0,-0.536549112482036,1.0,-1.874572451813208,0.0,0.0,-0.596087722251116,1.0,0.0,0.9497504559832856,1,-3.0132662827914696
0.0,2.627516959729113,1.0,-0.05603844292233477,1.0,1.0,2.0888063805115387,1.0,0.0,-1.1786975964086952,0,-4.836497954346484
1.0,-0.8204171321521257,1.0,0.7531020469079017,1.0,0.0,1.2959937227758551,0.0,1.0,1.2323780710359356,1,-3.9284281212363945
0.0,0.21640809943985084,0.0,0.7556320835969517,1.0,0.0,0.06731819774272657,0.0,1.0,1.9228728375757935,0,-4.037164225674424
1.0,1.5659714485339695,0.0,1.409888657328534,0.0,1.0,-0.023401217441816113,1.0,1.0,-0.08760401679878797,1,-4.057469003868375
1.0,1.0258711433480543,1.0,1.5561438828066279,1.0,1.0,-0.971326284272461,1.0,1.0,-0.1647284114291356,0,-4.37847403507758
0.0,0.9941841418445097,1.0,-0.1863914430018456,1.0,1.0,0.2061913411039444,1.0,0.0,0.09986789298012368,0,-4.412421598363202
1.0,0.5657658684920968,0.0,-0.896867717302438,1.0,0.0,-0.5676457757341002,1.0,0.0,-0.07685199719568078,0,-2.6755346244321068
1.0,-0.6172591382756571,0.0,-0.20282519862505466,1.0,0.0,-2.606570487066933,1.0,1.0,-0.8335167262223067,1,-3.580711745319143
0.0,-0.9376995767117322,0.0,0.4288196787316309,1.0,0.0,0.12778776788549284,1.0,1.0,-1.4827708980381038,0,-3.245722157001048
1.0,0.5918268367894541,0.0,-0.11147244154742522,1.0,1.0,-1.095884724195679,0.0,0.0,-0.20840909976098618,1,-4.112287532069903
1.0,0.5995728945749943,1.0,0.777863226097718,1.0,1.0,-0.988015059282792,0.0,1.0,-0.7774723928592489,1,-5.397696803527449
0.0,0.9700450136533081,1.0,0.24014094856177662,0.0,1.0,0.6315993186316947,1.0,1.0,0.7233779120246824,1,-4.970973651913598
0.0,-0.2052370628572654,1.0,-0.9946838011158936,1.0,0.0,0.7936744234342352,1.0,0.0,1.0443961125636267,1,-3.780776153043876
0.0,-0.7268429848853094,1.0,0.6164706464966967,1.0,0.0,-1.0655676182399494,0.0,1.0,0.333739830332778,0,-4.120283044294036
1.0,1.6029641470949794,1.0,0.6334599414571643,1.0,1.0,-1.1081045335602675,0.0,1.0,-0.11217733394483095,1,-5.70678924713555
0.0,-1.0139863816779313,1.0,-0.533263380795894,1.0,0.0,-0.8149463476856716,1.0,1.0,-1.2661317106603576,1,-4.668884876180782
1.0,1.4695630994815831,0.0,0.6213630685473444,1.0,1.0,-0.04298110759671011,0.0,1.0,-0.4660302160410773,0,-4.2420067318468355
1.0,-0.06180966741726174,0.0,-0.7018268464790437,1.0,0.0,-1.6592328468649158,1.0,0.0,-0.545455932183666,0,-3.1419944432126257
0.0,0.06181046551705409,0.0,0.2904035561403392,0.0,0.0,0.008230535732985624,0.0,1.0,0.32393680559178395,0,-4.125195001708672
1.0,-0.7847226293877552,0.0,-0.1923130679663802,0.0,0.0,0.30444960763737344,1.0,1.0,0.8867010677615886,1,-2.952277871193295
0.0,0.26488726397625895,1.0,-1.6605593242380328,1.0,1.0,0.9297038349063741,1.0,0.0,-0.612222658858914,1,-3.9896390356239575
0.0,1.3838369266264505,1.0,0.17857778700308544,0.0,1.0,-0.38759605778151845,1.0,1.0,-0.7840226647847631,0,-4.923593091049542
1.0,-0.010212027668084421,1.0,1.1276286495442103,1.0,0.0,-0.7413328408914611,0.0,1.0,-0.3992732191295467,0,-4.710321099289824
0.0,-0.7939083666623643,1.0,-0.12625215972763554,1.0,0.0,-0.8842216691557866,1.0,0.0,-0.7214493695206728,0,-3.6589111314462417
0.0,-0.19713310215477764,0.0,-0.19433864001223414,0.0,0.0,0.8041783340489931,1.0,1.0,0.1332602663902306,1,-3.5960324692055723
1.0,-1.1948123522632241,0.0,0.47454798495037914,0.0,0.0,1.0491211782935104,0.0,1.0,0.5441564670551047,1,-3.2632868203530596
0.0,-1.2935432311935169,0.0,-1.3635142615929714,1.0,0.0,0.42399476136261277,1.0,0.0,0.5815211672416257,1,-2.7802676261451387
0.0,-0.6099526830879288,0.0,-0.9524697068327713,0.0,0.0,0.7188801808365279,1.0,0.0,-1.2971017906699083,1,-3.4424415281918175
0.0,0.5711740700396276,1.0,0.04267049892619587,1.0,1.0,0.9576254585742793,1.0,1.0,1.2458899452131806,1,-4.3554958239087895
0.0,1.440139123747604,0.0,-0.5697989398534431,0.0,1.0,0.7813445485929307,1.0,0.0,-0.3308539010151911,0,-4.0784200770295005
1.0,2.155930980811088,1.0,-0.45928387280375416,0.0,1.0,0.6027593771283849,1.0,0.0,-0.6296063925090397,1,-4.859332506132539
1.0,-0.1704614033057338,0.0,0.8524024928412081,0.0,0.0,-0.0910259919583669,0.0,1.0,-1.6706865738295307,1,-4.618048637752685
1.0,-1.620042150580502,0.0,0.2901331769242133,1.0,0.0,-0.07144040894371484,0.0,0.0,2.7071881567386544,0,-2.6208420854501915
1.0,0.9636357615992905,1.0,1.465543115545112,0.0,1.0,1.056267052092359,1.0,1.0,-1.660754506722863,1,-4.787149835721329
0.0,-1.7420986397389198,0.0,-0.2617611806522041,1.0,0.0,1.0292527369877023,0.0,1.0,-1.8452656249016903,1,-4.326647853012601
0.0,0.46897536666403644,0.0,0.861838318562227,0.0,1.0,-1.0175680520716404,0.0,1.0,0.28949607590250664,0,-4.067900871261617
1.0,-0.021070322146767708,0.0,-0.33221906978031074,0.0,1.0,-0.5147140592420526,1.0,0.0,0.2521287371848033,1,-2.5806919642878685
1.0,0.9060901272890984,1.0,0.5032246435360004,0.0,1.0,1.1987536648408363,1.0,1.0,-1.6369941888013984,1,-4.943229270356574
1.0,2.4573463482951676,1.0,-0.489502242629831,1.0,1.0,0.4534212632282262,1.0,0.0,0.06072544577906953,0,-4.070086608196214
0.0,1.2212283868429574,1.0,1.1249439254293956,1.0,1.0,-1.6258095340382757,1.0,1.0,-0.6561584951204763,1,-5.315943043697934
0.0,-0.5055957510131567,1.0,-0.6423255619602767,0.0,0.0,-0.5098762629654009,0.0,0.0,1.2412695425025038,1,-4.069524532045582
0.0,-1.3911864754581502,1.0,-2.365467718192241,1.0,0.0,-0.7241815180120477,0.0,0.0,0.6672851090025578,1,-3.5707945630276705
0.0,-0.6381058591054706,0.0,-0.43552197459212894,1.0,0.0,-1.145255405039302,0.0,0.0,-0.8486246465028799,1,-4.150473728007833
1.0,0.5975958655464598,1.0,0.09884998876602881,1.0,0.0,0.1250522023843424,0.0,1.0,0.03363388629282985,0,-5.270277495171689
0.0,-0.8866189288509786,1.0,1.5001690460571018,0.0,0.0,0.8810325255939709,1.0,1.0,2.047857522240502,1,-4.3567897292048015
0.0,-0.9469789016258067,1.0,0.7312325616558212,0.0,0.0,-0.9760347019020629,0.0,1.0,-1.0956809564353251,1,-4.948014010999741
1.0,-0.13447657020078602,0.0,-1.936488708740636,0.0,1.0,-0.07572304781919585,0.0,0.0,-1.45413821555687,0,-3.275365185936567
1.0,2.086490380806007,1.0,0.09191452627510949,1.0,1.0,-0.07346551811919763,1.0,1.0,2.919662730082842,0,-4.375572504442144
1.0,0.7358185264622761,1.0,1.6246387763141752,1.0,1.0,-0.04696104128787268,0.0,1.0,0.9728596020647543,1,-5.38388454271549
1.0,0.20818243616538346,0.0,-1.0292868096290437,1.0,1.0,-0.5716289083443942,0.0,0.0,-1.4950654036910096,1,-4.858951330472901
0.0,-2.1816586648191962,0.0,-0.5012154481895601,1.0,0.0,-0.9026305042498075,1.0,0.0,-0.001822945612686993,0,-1.9576814688006776
1.0,-2.261748604783048,0.0,0.9567914552633207,1.0,0.0,0.34143975280962324,0.0,1.0,0.44883316972562454,1,-3.834944659073582
1.0,-0.1756262488933148,1.0,-0.8138376453728038,1.0,0.0,-1.2807939252048244,1.0,0.0,-0.9583748732828672,1,-3.5604445677384975
0.0,-0.1307322357581183,0.0,-0.9642905750842509,0.0,1.0,-1.0117873146917733,0.0,0.0,-0.015877326827716497,0,-3.857981168044869
1.0,0.45478127114650846,1.0,-0.3416316603731459,1.0,1.0,1.7167479125159715,0.0,1.0,-0.669840089467188,1,-4.592298778992896
1.0,-2.1017051093131496,1.0,1.7882683011650946,1.0,0.0,-0.12139267461812568,0.0,1.0,-0.8819249445467798,0,-4.6681648872699
0.0,1.7726700210880477,0.0,-3.193397259051078,0.0,1.0,-0.31586603393145124,0.0,0.0,0.6030110715869772,0,-3.335860710303135
1.0,-0.9867046616710584,0.0,-0.32498782842846247,1.0,0.0,0.9609959929882659,0.0,0.0,-0.6858645256251014,0,-3.51491707271519
1.0,0.59956751251089,1.0,-1.1035674943667697,1.0,1.0,0.22836321982050578,0.0,0.0,1.669218351049663,1,-4.518796944525669
0.0,0.5045536925482447,0.0,2.0808200891960706,1.0,1.0,-0.25671879423684213,1.0,1.0,0.5306289615715349,0,-3.989699448401179
0.0,-0.8376745059912051,1.0,-2.0583019800151683,1.0,0.0,-1.1746747913303142,1.0,0.0,0.3390453665328967,1,-3.67055559736196
1.0,-2.2837083934980007,1.0,0.9791302256776334,1.0,0.0,0.13343498540022944,1.0,1.0,0.7809842801935845,0,-3.146749798958562
1.0,0.045979670671772534,1.0,0.38499484568801934,0.0,1.0,-0.7384055931886024,0.0,1.0,0.9406573983008848,1,-4.650534796633965
1.0,-0.8520675185064177,0.0,0.03596495144876051,0.0,0.0,-0.1782895007553697,0.0,0.0,0.34475721737333737,0,-3.386738463499045
1.0,0.22807932090341743,0.0,0.6429476536585499,0.0,0.0,1.1630873578185514,1.0,1.0,-0.7126423471704549,1,-3.584989764335414
1.0,-2.1188637717733236,0.0,0.46738771205421376,1.0,0.0,0.9029672262588665,0.0,1.0,-0.8604257685139071,0,-3.305730321300697
1.0,1.516404236139289,0.0,-1.14046125700634,0.0,1.0,-0.38906808842999985,0.0,0.0,-0.3761825909944651,1,-4.662239920651025
0.0,0.818000647820529,0.0,0.21252183013693152,1.0,1.0,-2.0051673600418063,0.0,0.0,2.0676186026933654,1,-3.8942197921435464
0.0,-0.5543864538781491,0.0,0.23180306301505932,0.0,0.0,-0.04069701392614142,1.0,1.0,1.216793380020184,1,-3.8028315124363687
0.0,0.9665315629746296,0.0,0.12318069642052865,1.0,1.0,0.7601519345143557,0.0,0.0,-2.540198489042065,1,-5.0010283721962825
1.0,1.0496440643611133,0.0,-0.2145329517486034,1.0,1.0,0.8726663413524209,1.0,0.0,-0.787002781580986,1,-3.774806715721217
0.0,1.1424292851326419,0.0,-0.22532896079344694,1.0,1.0,-0.8787045131460656,0.0,0.0,1.9409224755429881,0,-3.4153976561374226
0.0,0.4490675382908622,0.0,0.2122239720344712,0.0,1.0,0.1380251949773535,1.0,0.0,0.5539240178806561,0,-3.618087290545423
0.0,-2.0080999122670744,0.0,-1.7262351510984921,0.0,0.0,2.414174705266704,0.0,0.0,0.9270524194766473,1,-3.160219091908354
0.0,-1.277954395682899,0.0,0.9740358470843634,1.0,0.0,-0.5099967313779731,0.0,1.0,-0.17993618572090683,0,-3.6755762643761067
1.0,0.9634384622368578,1.0,-3.4040665630615345,1.0,1.0,0.3197831821504581,1.0,0.0,0.46477939770829846,1,-3.6012216410757607
1.0,-1.0405092317102114,1.0,1.2291318370435538,0.0,0.0,2.363743328995998,1.0,1.0,-0.44386400758140276,1,-3.443668343429894
0.0,0.4248856231316051,0.0,-0.9393274596750635,0.0,1.0,1.5137081750994832,1.0,0.0,-0.6479269004892272,1,-3.464906714653109
1.0,-1.069620949164026,0.0,0.7162946097032211,1.0,0.0,-0.5190046751360187,1.0,1.0,-2.371623908212072,0,-3.6291385165596344
0.0,0.049254660088594075,0.0,1.4272928214278477,0.0,1.0,0.1191584695980057,1.0,1.0,-0.9281796314333118,0,-4.033037226481955
0.0,-0.9307198760076573,1.0,-1.159388265335515,0.0,0.0,-0.6055218016161533,1.0,0.0,1.1717690480973832,0,-2.9863939980589596
0.0,0.9385951107413567,1.0,-0.8782662561102222,1.0,1.0,-0.22430063225697416,0.0,0.0,-0.21064212336372762,0,-5.145010438118371
1.0,0.37296675366729554,1.0,-1.7499567738279294,0.0,1.0,1.1560371569575707,1.0,0.0,-0.4744382954159248,1,-4.215532013438764
0.0,1.8694379840398343,1.0,0.7906395953548979,1.0,1.0,-1.7330347187168522,1.0,1.0,2.2256706574080165,0,-4.836402392073448
1.0,-0.1822601900605604,1.0,-0.26336925294004326,0.0,0.0,0.06918521232803762,0.0,1.0,-0.827145827595145,1,-4.853276335510567
0.0,-0.03640523775646747,1.0,0.3917207637243272,1.0,1.0,-0.9450872276566212,0.0,1.0,2.3557686818614956,1,-4.283116315901919
0.0,-0.21772907487881843,0.0,-0.49201092560265947,0.0,0.0,-0.06538765216208613,1.0,1.0,-0.3866531003084098,0,-2.968257815617627
1.0,0.9409014050681416,0.0,0.03265545901084295,0.0,1.0,-2.018727887336849,0.0,0.0,-1.0788252880822533,0,-4.163064423534419
0.0,0.2927641566330046,1.0,-0.02130591786401034,1.0,1.0,1.390474777837327,0.0,1.0,-0.03459523670626445,0,-4.198521447498688
0.0,-0.03529406201151694,1.0,-1.2658929476127614,0.0,0.0,0.17188865280598556,1.0,0.0,-1.1476431214514613,0,-3.953303092088176
1.0,-1.8257473928504158,0.0,-1.3540735966449364,0.0,0.0,0.36303147782363776,1.0,0.0,1.0420428639693522,1,-2.0254315609498974
0.0,0.6322446189761161,0.0,-0.6392159365279546,1.0,1.0,-0.2968837033926478,0.0,0.0,-0.5712621438507781,0,-3.6943441807247828
1.0,0.0652101951551008,0.0,-1.1044719257727074,1.0,0.0,-0.07477768321398431,0.0,0.0,-0.6991206597687966,0,-4.249474238118902
1.0,0.8432261620549442,1.0,1.4165140030002905,1.0,1.0,-0.1276660004360686,1.0,1.0,-1.6587226967633633,0,-5.048082643114524
1.0,0.1366981897597478,0.0,0.7592705099260005,1.0,1.0,0.5039435708741425,1.0,1.0,-0.5665340003305096,1,-3.6252242023942047
1.0,-0.4378722567781182,0.0,0.9636172807056622,1.0,1.0,0.4435109775516262,1.0,1.0,0.04096757795973649,0,-3.054263835154149
1.0,-0.34732572615056645,1.0,2.0482175617092557,1.0,0.0,-1.139186110094152,1.0,1.0,0.187418538804983,0,-3.811271030260214
0.0,-0.09451433983742426,1.0,-0.524276855793296,1.0,0.0,-1.0220555361103831,0.0,0.0,-0.8112983693693232,1,-5.24334454659889
0.0,0.9007195385185972,0.0,1.3276140769788483,0.0,1.0,-0.5100259019371176,1.0,1.0,-1.5322286544311887,0,-4.482354498531677
1.0,-0.9453582238698298,1.0,-1.604687135045064,1.0,0.0,1.3202446212228918,0.0,0.0,2.107631179913596,1,-3.6114881632652005
0.0,1.5021202374712268,1.0,1.2847343446916344,1.0,1.0,-0.15400349135595448,0.0,1.0,-0.6975925553948582,0,-6.036167178073229
1.0,-1.4000216327008388,1.0,1.874638195086544,0.0,0.0,-0.8110950712918784,0.0,1.0,-0.6032605363560741,1,-4.645340058354742
1.0,-1.2763815201504733,0.0,0.9784568267524382,1.0,0.0,-0.4967719623324047,0.0,1.0,-0.5650734497356766,0,-3.535506514435273
0.0,0.5908681281424131,0.0,1.2818775324910987,1.0,1.0,-0.6165585030575819,1.0,1.0,0.31556730150833623,0,-3.5234158077014075
0.0,0.21841624610077548,0.0,-1.606482331247009,0.0,1.0,0.6850058104451863,1.0,0.0,-1.3767919369409334,1,-4.119098227887218
1.0,-0.12798763639978367,1.0,-0.06423897999445248,0.0,0.0,-0.6955495731861442,1.0,1.0,-0.6308877335284867,1,-4.0897240740961065
0.0,-0.8022167170611766,0.0,-0.5363832964151746,1.0,0.0,-0.6254762925185609,0.0,0.0,0.7279337083052668,0,-3.7529332609398276
0.0,0.34998678922015564,0.0,-1.0459603847991656,1.0,1.0,-0.2167914503069886,0.0,0.0,-0.7087752692221785,0,-3.630323069063072
0.0,-0.7632143862158236,1.0,0.22660408072567606,0.0,0.0,1.3994551146328154,0.0,1.0,0.6139909498465745,1,-4.459791146915895
0.0,-0.06351718702321318,0.0,0.12510418444559204,1.0,0.0,-1.4235851663494206,0.0,1.0,0.38840393421097974,0,-3.815261196320689
0.0,-0.5134177800778778,0.0,-0.3539104522676674,0.0,0.0,1.371098023035996,0.0,1.0,0.4683230715176332,1,-3.774499313280052
1.0,-1.6363310040971375,1.0,-0.24114394718512408,0.0,0.0,1.1614838020425227,0.0,0.0,2.273560914614917,1,-3.7377265424277057
0.0,1.3142056068244263,0.0,-1.77336199476603,0.0,1.0,0.2315898558260924,0.0,0.0,0.12004415483336577,0,-4.1560765177838155
0.0,-1.1403873617671796,0.0,1.1728854089935874,1.0,0.0,1.5668006573261137,0.0,1.0,1.500413398368445,0,-3.7677352205508727
1.0,0.954568022223906,1.0,2.4753553670827366,0.0,1.0,0.9442887564474143,1.0,1.0,0.9221212665480621,0,-4.466047187687554
0.0,-0.004314049859645188,0.0,1.0176303860201545,0.0,0.0,0.4163051984069928,0.0,1.0,2.1411747943119535,1,-3.82478342855108
0.0,0.8986600896497218,1.0,-0.09403816917188933,0.0,1.0,1.5813127706517718,0.0,1.0,-0.35447534207039283,1,-5.621704561297804
1.0,0.39684304441971757,1.0,-0.09667094036115649,0.0,1.0,-0.8439216759200467,1.0,0.0,-1.5226738034074423,1,-4.661296426938683
0.0,-0.017738488450082926,0.0,0.8444171025489846,0.0,1.0,-3.407534844226916,0.0,1.0,0.15835969590632282,1,-4.713036509753478
0.0,-0.08093630471678948,1.0,-0.2688692618037212,1.0,0.0,1.2752685815903604,1.0,0.0,-0.07836832983053432,1,-4.37558048328362
0.0,0.12008830848709691,0.0,-0.011109640810075722,1.0,1.0,0.3348133908583243,0.0,0.0,0.2622026215710738,0,-3.7414743358515805
1.0,-0.7515333256883677,0.0,1.1439629107819551,1.0,1.0,-0.2505534036031063,0.0,1.0,-0.6073390576671858,0,-4.0511830022035795
1.0,-0.5229126568093555,1.0,0.19503039818102513,0.0,0.0,-2.4332035785822175,1.0,1.0,0.9798047402612935,1,-3.7880189582197854
1.0,-0.5790583802463141,1.0,-0.5589702249391624,1.0,0.0,0.36312695771334824,1.0,0.0,0.052464992010499416,1,-3.8397920722933
0.0,1.051455425864632,0.0,-0.606518886409794,0.0,1.0,-0.032144515441770855,0.0,0.0,0.7010358687195173,0,-3.5974567045078025
1.0,-0.1654933077015137,0.0,-0.24209438274387504,0.0,0.0,0.3340599228317556,1.0,0.0,-1.3823224271699734,1,-3.3997696888009004
1.0,0.9835542856463486,0.0,0.3814598949979393,0.0,1.0,0.6022575367437919,0.0,1.0,-0.7497586024167232,1,-4.749356848773254
1.0,-0.12096484047854401,1.0,-0.7489368376988333,0.0,1.0,-1.6474361831781728,0.0,0.0,0.8134466253033954,1,-4.340775260119851
0.0,-0.28865557119662294,1.0,0.9154106925407044,1.0,0.0,-0.38797730039103223,1.0,1.0,-1.7776777983102523,0,-4.224829482814906
1.0,0.15299738856506825,0.0,0.2689263232380047,0.0,1.0,2.803746131783421,0.0,1.0,0.5301310663405796,1,-4.0476030479721805
0.0,1.160544073982665,1.0,-1.8056230311290535,0.0,1.0,0.08707693085790577,1.0,0.0,-0.031370171525222874,0,-4.228745520133882
0.0,0.7640707963515492,0.0,-0.435277740944586,0.0,1.0,-1.164745391582819,1.0,0.0,1.2971202166968752,0,-2.954996176030089
0.0,-1.912875653435947,0.0,1.2945496456740728,1.0,0.0,-1.5916350965657227,0.0,1.0,1.5628403379392026,0,-3.0770508615800614
0.0,-1.7543276685209934,0.0,-1.6794301022934979,1.0,0.0,-0.42120823855757317,1.0,0.0,1.8951732926083318,0,-1.704484059923117
1.0,-0.06724665312953046,1.0,-0.40505558311119655,1.0,0.0,0.40580896507288017,0.0,0.0,1.3585098951739325,1,-4.468920910827286
0.0,0.4102702320461708,1.0,0.753284825337061,0.0,1.0,1.5226264577560416,0.0,1.0,-0.6025130558041828,1,-5.232218664465334
1.0,-1.825124652420825,1.0,0.28213694844285586,0.0,0.0,0.45130876796999936,0.0,0.0,0.238920151564388,1,-3.6086624673076186
0.0,0.40376759843067583,1.0,1.4598242260656857,0.0,1.0,0.9041237739108264,0.0,0.0,-0.4506300985814548,0,-4.952009275290197
0.0,1.4818526395042473,0.0,-0.8890661336207761,1.0,1.0,-0.26699020467673595,0.0,0.0,-0.09267574472891045,0,-4.109815883717422
0.0,-0.05412616703385368,0.0,-0.4270600102726154,0.0,0.0,-0.37885686979247957,1.0,0.0,-0.1427839586248344,1,-3.196525237270932
0.0,-1.9073635380753615,1.0,-0.8994971963920204,0.0,0.0,-1.815304088513591,1.0,0.0,-0.6293601992260592,1,-3.5732844331314415
1.0,-0.15447343901734462,0.0,0.33588868430504826,1.0,1.0,-0.3533270626929432,0.0,0.0,0.49665981588504227,1,-3.259009798919169
0.0,-0.7549920570899712,1.0,-1.4681183907049071,0.0,0.0,2.4456505694769195,1.0,0.0,0.11265961572210018,1,-3.713268481191091
1.0,-0.767498150628356,0.0,0.8058669902722562,1.0,0.0,-0.1232630908010021,1.0,1.0,0.6353869909395403,0,-2.5361510978384136
1.0,-0.060896044751079244,0.0,0.6096632842621346,1.0,0.0,0.7800260868038541,0.0,1.0,0.19820704028823347,1,-4.00649475355712
1.0,1.4329549199195142,0.0,-0.017844529146867107,0.0,1.0,0.22187137826809308,0.0,0.0,0.2258219491014884,0,-4.344933343158223
1.0,-0.8611707126830944,0.0,-0.34969228893940557,1.0,0.0,-0.13702066778792904,0.0,0.0,0.589374739075841,1,-3.921157102061238
0.0,0.5979988388045999,0.0,0.2582245783149907,1.0,1.0,-0.1689259629725611,0.0,1.0,-1.0068074272299756,0,-4.52498254620031
1.0,0.09065844664795235,0.0,0.8847446867964437,0.0,0.0,-1.2349054904784378,0.0,1.0,0.1453470717110641,1,-4.739859389004545
0.0,-0.09487532331283277,0.0,0.561406966667812,0.0,0.0,2.372506052558348,1.0,1.0,-0.9542170738317095,1,-4.119760282900789
1.0,1.5344580691810954,0.0,0.5536622926017222,1.0,1.0,-1.4620920019215473,1.0,1.0,0.21718450396506703,0,-3.638368384707317
0.0,-0.807802313107119,1.0,-0.5129142168113505,1.0,0.0,-1.2473593752303551,0.0,0.0,-1.4911341385400216,1,-5.006474547550491
1.0,0.07819401591759882,0.0,-0.0034560764541380334,1.0,0.0,0.6981677833262747,1.0,1.0,-0.043472346738960936,0,-2.7482043546315618
1.0,-0.11890607020065948,1.0,0.5045871521499823,1.0,0.0,-1.3338516299036995,1.0,1.0,0.12147379117972075,1,-4.665014876795172
1.0,1.7601729012428438,0.0,0.7860114795405289,1.0,1.0,1.7803865713298728,0.0,1.0,-2.191700080188381,1,-5.704615998421001
0.0,-0.2830307414555295,0.0,1.051839144065627,1.0,1.0,0.38075579524712727,0.0,1.0,-0.5008378106986364,0,-4.2058439730173
0.0,-1.717791741472313,0.0,0.3105728603352933,1.0,0.0,0.8300688056131594,0.0,1.0,0.5682299775636873,0,-3.681942437750456
0.0,1.060056707488603,0.0,0.5593498222663241,0.0,1.0,-2.287210604713122,1.0,1.0,0.41109298135206634,1,-3.846547341647624
0.0,1.3619068570066364,0.0,-1.923396827019769,1.0,1.0,0.3275613495176087,1.0,0.0,-0.22090888147860535,0,-3.628789960552443
0.0,0.9610858706019655,1.0,0.1493184541585784,1.0,1.0,-0.5635790710154729,0.0,0.0,1.186578019888984,0,-4.476955190138806
0.0,0.7688713893802557,0.0,3.5757113009886674,1.0,1.0,-2.3222471182144213,0.0,1.0,-0.044414097574891676,0,-5.0368642412433315
0.0,-0.8092991571498813,1.0,0.25355625383614094,1.0,0.0,0.2871573113000342,1.0,0.0,0.3076984744834306,1,-3.732850811160011
1.0,0.5165872867982095,1.0,-0.1737214037742731,0.0,1.0,0.1643878850129309,0.0,0.0,-0.06309817599331895,1,-4.818172956737861
1.0,-0.09851771326417705,0.0,0.07538636027117522,0.0,1.0,0.7788573662229923,0.0,0.0,0.667919574604893,0,-3.279780414244845
1.0,-0.5597302299608568,0.0,-0.8670381162085625,1.0,0.0,-0.37161001259537085,0.0,0.0,0.714083766338421,1,-3.6582196719280824
1.0,-0.4735761487200532,1.0,-1.2347994326285139,1.0,1.0,0.5004600809784884,0.0,0.0,1.343191193220949,1,-3.781828645986217
1.0,-1.0889347359360866,1.0,0.6305264994024395,1.0,0.0,1.1074004474900234,1.0,1.0,-1.2691700745546504,0,-4.435677121257924
1.0,-1.5237854860137372,0.0,-0.30264232480097825,0.0,0.0,-0.9417567066653106,0.0,1.0,-0.8502643125290585,1,-3.410685795433572
0.0,0.6444690315584815,1.0,-0.2301516099143196,0.0,1.0,0.4226540197243516,1.0,1.0,0.3940350059345222,1,-4.586353649152153
1.0,0.8585557679494882,0.0,0.47681579125450685,1.0,1.0,1.3146240954185984,0.0,1.0,0.1494525515500133,1,-4.503269521975582
1.0,-0.28222323525728416,1.0,-0.7593892141589207,1.0,1.0,0.19079409442700904,1.0,0.0,1.8964921779377628,1,-3.907524566302953
1.0,1.3787202073473122,0.0,-1.1596541317109819,0.0,1.0,0.23368584251279356,1.0,0.0,1.5547942269267172,1,-2.757965415958731
1.0,-2.6528279056547492,0.0,-0.3667241308791831,0.0,0.0,-0.26246182733702816,0.0,0.0,0.7932869871646091,1,-3.2348379017754456
1.0,-1.0542663624992572,1.0,-1.4925406360908606,1.0,0.0,0.5557897510536114,1.0,0.0,-1.0134243446186444,0,-3.313170367531006
0.0,0.41896194006977233,1.0,0.2607720282502175,0.0,1.0,0.16227008624468228,1.0,1.0,-0.1383483334809043,1,-4.863784272347915
0.0,-1.7593347328230031,1.0,1.6180453615459367,0.0,0.0,-1.217515039679499,1.0,1.0,0.24557351664106544,1,-4.743340583341987
1.0,-0.23073269619973183,1.0,-1.2011002045323658,0.0,1.0,-0.4050415269005653,1.0,0.0,1.717563867710998,0,-2.8264475344099713
1.0,-0.1641154712653417,0.0,-0.8677589111762763,0.0,1.0,0.6244465259707234,1.0,0.0,1.1601069649037197,1,-2.560026616882845
0.0,0.39808896688426626,1.0,0.11085151821599255,0.0,1.0,1.6536997053515086,1.0,0.0,-0.019131198852317923,1,-4.744079011867067
0.0,0.395121218914846,0.0,1.677915817098777,0.0,1.0,0.4452376907302996,0.0,1.0,0.09360716842705097,0,-5.083022745529896
0.0,1.4541850622768164,0.0,1.515042635646499,1.0,1.0,0.33470776082817755,0.0,1.0,-0.06989469436161233,0,-4.6585035320705135
0.0,0.11106601079662722,1.0,0.9942912819792556,0.0,0.0,1.1032222886245109,1.0,1.0,-0.30950143138121444,1,-4.867291072952694
0.0,-0.5844926366498313,1.0,-0.9104085666637088,1.0,0.0,0.09411172775524881,0.0,0.0,0.24243925088565385,1,-4.9153043344016885
0.0,-1.6875119913920913,1.0,0.9637487804837942,1.0,0.0,0.4212885694109525,0.0,1.0,-0.16742542932898313,1,-4.617240349382675
1.0,0.14856918011198805,0.0,0.15417794347512254,1.0,1.0,0.8762230348737213,0.0,0.0,0.1460957356418337,0,-2.986831075685869
1.0,-0.47690976756266296,0.0,0.678818400529583,0.0,0.0,-0.11773157378497667,0.0,0.0,0.18109508253975545,1,-3.9079354118707443
0.0,1.0536396887424733,0.0,-1.211620455083619,0.0,1.0,0.052839276542625394,1.0,0.0,-0.7676800785630314,1,-3.600798914538154
0.0,-0.17036421499869267,1.0,0.5546320354604133,1.0,0.0,2.528622140544784,0.0,1.0,0.47757826444415846,1,-5.631135393500754
1.0,-1.0791343388670682,1.0,-0.4974353309496445,1.0,0.0,0.7212359548005047,0.0,0.0,-0.7084812094033502,1,-4.559292167492671
1.0,-1.0671633078665141,0.0,0.6688673947735749,0.0,0.0,0.4843892615300769,1.0,1.0,1.2879392038952204,0,-2.5066049980340646
1.0,1.6101100976544624,0.0,-0.3368663346149797,1.0,1.0,0.2356514326367645,0.0,0.0,-2.5517733355774874,0,-4.472829988227332
0.0,-0.07123166973473113,0.0,0.28540784190827023,0.0,1.0,-2.0305543991378356,0.0,0.0,-0.10104230359545074,1,-4.225281202729148
0.0,1.0262970461329064,0.0,0.4190022818496941,1.0,1.0,1.6662910433987999,0.0,1.0,-2.1393543291031865,1,-5.560739249571153
0.0,0.15355320426306376,0.0,1.3079084087601474,0.0,1.0,-0.012150747303621336,0.0,1.0,1.9497020426311573,0,-3.654352830991825
1.0,0.6327603597601082,1.0,0.20523595328689365,0.0,1.0,1.5435439413559229,0.0,1.0,-0.273371537242183,1,-5.469919000470991
0.0,-1.805855526215503,1.0,-0.13583438321054944,0.0,0.0,-1.315594496230441,0.0,0.0,0.06057776527492188,0,-3.6585242370642033
0.0,-1.8877012746914463,1.0,-0.042375029431068606,1.0,0.0,-1.0340069000103813,1.0,1.0,-0.5706738745989052,0,-3.236262110844351
0.0,-0.1840770716824363,0.0,1.279196347540353,1.0,1.0,-1.595584341364473,0.0,1.0,0.9538172561311098,0,-4.3960432394698055
0.0,1.267708970103108,1.0,-0.630123102084016,1.0,1.0,-1.526835490761727,0.0,0.0,-1.6949139905317545,1,-6.068864037345186
1.0,0.43501342579133706,0.0,-0.7826988312902217,0.0,1.0,-0.3139100240686214,1.0,0.0,-0.45746959353815797,0,-3.1164926445392163
1.0,-0.8406539332187389,0.0,0.6969462523658843,1.0,0.0,0.6700400028542519,1.0,1.0,-0.25836274618194927,1,-2.9202349509516186
1.0,-0.15839738859769736,0.0,2.2808523042747053,1.0,0.0,-0.46823487312107437,1.0,1.0,-0.7152577654109206,0,-3.546062850331155
1.0,0.4290993481114215,0.0,-0.29475260051292873,1.0,1.0,-0.6238571363580823,1.0,0.0,0.8552178866527321,1,-2.90229977548406
0.0,0.6923173320917069,1.0,0.04392823393846424,0.0,0.0,1.0622138828172405,1.0,0.0,-1.2142600763785794,1,-4.628656669593999
1.0,-0.770633245093442,0.0,1.7823281899475298,0.0,0.0,1.4789844907123404,0.0,1.0,-0.5452372275961282,1,-4.019574630140246
1.0,-0.6721593026634375,0.0,0.04814071114079981,0.0,0.0,1.2139629604676987,0.0,1.0,-0.26670437322623025,1,-4.464538873124426
0.0,1.2701376843936423,1.0,0.877078038470837,1.0,1.0,0.0695214979600461,1.0,1.0,-0.5320486766882272,0,-4.923057151347644
1.0,2.373013481728753,1.0,1.0506215847336735,1.0,1.0,-0.20635136321021685,1.0,1.0,-0.32512346597773195,0,-4.665349199937596
1.0,-0.43321001341797893,1.0,1.5135219941093372,1.0,0.0,-1.699757301942786,1.0,1.0,-0.20757252265062717,1,-4.383804190243602
1.0,0.40602124179320787,0.0,-0.42754342716820337,0.0,1.0,1.3575962864310227,1.0,0.0,0.9080742798060665,1,-2.800050179097418
1.0,-0.09267325347133062,0.0,-0.9177502902921256,0.0,0.0,-1.5330018668412673,1.0,0.0,1.611792695317987,1,-2.5514620694180143
0.0,0.3546436146670782,0.0,-0.024364788476550447,1.0,1.0,-0.1945263096117149,1.0,1.0,1.3685684011068582,0,-2.991742599956354
0.0,1.2392200700693603,1.0,1.9508319696784069,1.0,1.0,-0.4886677460837892,1.0,1.0,0.18721687556764072,0,-4.521693617516569
0.0,-0.26990021390768604,1.0,1.2949766516887768,1.0,1.0,-1.4650475274886228,1.0,1.0,-0.010706887652058562,0,-3.7351600840154213
1.0,0.34273288841971594,0.0,-1.7142052297335548,0.0,1.0,0.7802384573996397,0.0,0.0,-0.4641333205750423,1,-3.3675677666814847
0.0,0.4455336547580787,0.0,2.2578920403774427,0.0,1.0,-0.4909388941581578,1.0,1.0,0.2456125899311117,0,-3.078286564502522
0.0,-0.6286727831678801,0.0,0.17402042078682053,1.0,1.0,-0.8135025198167589,0.0,0.0,1.8666579659588733,0,-3.1571128926195824
1.0,1.922258342931529,0.0,-0.30013190095465136,0.0,1.0,0.7281090902269076,0.0,0.0,-1.100478462741229,1,-4.0963998789289935
0.0,-1.2284769339926036,1.0,0.036788060307034826,1.0,1.0,-1.3531428335322864,1.0,0.0,0.6535751947477302,1,-3.4079377834593396
0.0,-0.18213559676984406,1.0,0.8250210911639331,1.0,1.0,1.7950910431868068,1.0,1.0,0.4343971688328792,1,-4.317177379852484
1.0,0.3732948250191453,0.0,0.6029209498570846,0.0,1.0,-0.7461005402352066,1.0,1.0,-0.5241283518260341,0,-3.8749605294295706
0.0,2.083895523769374,0.0,0.6124889309345473,1.0,1.0,1.33380556403298,0.0,1.0,-1.6727995596381744,0,-5.075058623213877
0.0,-2.077355771129099,1.0,0.05403895905569847,0.0,0.0,1.2828851240779469,0.0,0.0,0.5199703284558312,1,-3.9446148282479068
0.0,-1.698895228129585,1.0,-0.5867274370572172,1.0,0.0,0.8384855185303551,1.0,0.0,-0.37157417852949537,0,-3.178897727510875
0.0,-0.19667922090465587,1.0,0.07430638246988426,0.0,0.0,-0.7940176542882993,0.0,1.0,-0.27244944433663015,1,-5.117368495586251
0.0,-0.14585657863872575,0.0,-0.4274924361214792,0.0,1.0,-0.1708930422279057,1.0,0.0,-0.6720725209944338,0,-3.3797177231401907
0.0,1.2849973273664514,0.0,-0.37808847193253703,0.0,1.0,-1.2787178628651488,1.0,0.0,-0.6484069617782148,0,-4.038007410413389
0.0,-1.150096008376246,0.0,0.8594031159874052,1.0,0.0,0.6068058315027463,0.0,1.0,0.7191314299492046,0,-3.494991274173984
1.0,-0.6273471301560469,0.0,0.42504525654840036,0.0,0.0,0.17316161401675045,0.0,1.0,-0.009148824856773605,1,-3.9417878960834076
0.0,0.09827388220145947,1.0,-0.7133894888578647,1.0,1.0,-2.401973198442685,1.0,0.0,-1.762297019190341,1,-4.257400459705246
1.0,0.15706217045879783,0.0,-0.5374392395465839,1.0,0.0,-0.2104688095557404,0.0,0.0,0.03640543859056444,1,-3.9503153034107994
1.0,2.181971804810338,1.0,-0.8752471119867076,1.0,1.0,1.5342319556435016,1.0,0.0,-0.8237394673981678,1,-4.961261522722379
1.0,0.4776431933056272,0.0,0.7989992629202712,1.0,0.0,0.643478544712194,1.0,1.0,-1.403983020555652,0,-4.202575316257137
1.0,-0.1021938321836533,0.0,-0.9412139643079561,1.0,0.0,-1.0641244257191136,1.0,0.0,0.5354076609781144,0,-2.44474238197909
1.0,0.061815201369856264,0.0,1.1490750958788793,0.0,1.0,0.030889549009542723,1.0,1.0,0.47415639290373685,1,-3.342605292492919
1.0,-1.4040671014435016,1.0,0.02328368547254103,1.0,0.0,0.4750762592833936,0.0,0.0,0.8208347907015285,1,-3.5391914005784635
0.0,0.9238820863384588,0.0,0.06257962232794305,0.0,1.0,-0.20260191676710407,0.0,0.0,1.436609094175098,0,-3.7337021712037295
1.0,1.071719529271744,0.0,-0.728299730596251,1.0,1.0,-1.167098708301585,0.0,0.0,0.8723073393907993,0,-4.237637838570019
0.0,1.2887611210776202,1.0,-0.954222280559221,0.0,1.0,-1.4335732417549945,1.0,0.0,-0.06431616446943343,1,-4.2475858786313765
1.0,0.12430758384384653,1.0,-1.2293756482181477,1.0,1.0,-0.8252826122877019,1.0,0.0,-0.4966441427973328,1,-3.840789793122824
0.0,0.10046414487544453,0.0,0.01330225159697679,0.0,0.0,1.9465176226422816,0.0,1.0,-1.1375404211610711,1,-4.349003313004564
1.0,-1.1671353267151143,1.0,-0.9781932859723504,1.0,0.0,0.1499039284481301,0.0,0.0,-0.22173232929419345,1,-4.5686437719062285
1.0,0.7927746418704162,1.0,-0.460736909293204,0.0,1.0,-0.9226843206331559,1.0,0.0,1.8547168562818186,0,-3.7030108583378585
0.0,1.4458428480004022,0.0,-0.562956892710165,1.0,1.0,0.9871654583984811,0.0,0.0,0.568328128807386,0,-4.289118199055866
0.0,0.9140085079986735,1.0,0.43054803411557235,0.0,1.0,0.19210722740895228,1.0,1.0,1.1182212011626456,1,-4.394882080835258
0.0,-0.6541019402421296,0.0,0.5809364280459738,1.0,0.0,-0.3919521246036661,1.0,1.0,-0.26129554044068687,1,-4.32034617230551
0.0,0.24475476906264132,0.0,1.0638980560403613,0.0,1.0,-1.4552644525169653,1.0,1.0,0.8063762616953885,0,-3.002948453997777
1.0,2.4153848215135243,0.0,-2.259387695621256,1.0,1.0,1.142821776241927,0.0,0.0,0.07240623595855877,0,-3.658097860788261
0.0,-0.7759845257531974,0.0,0.6161110632449089,0.0,0.0,1.0669658979272099,0.0,1.0,0.18152733834357482,1,-4.227490075560779
1.0,0.9497354873921917,1.0,1.7156129787945433,1.0,1.0,-1.7467069310455925,0.0,1.0,-0.013528831506671082,0,-5.63800037684046
0.0,0.7067509831607829,1.0,1.0462825391047128,1.0,1.0,1.5187682793300048,1.0,1.0,-0.29856258572768357,1,-5.804909454779376
0.0,-1.429265887495593,0.0,-2.038082287978083,0.0,0.0,0.24612937134359872,0.0,0.0,0.19847066370724836,1,-2.985720116857586
1.0,1.4539131468392237,0.0,1.6698288409382345,0.0,1.0,0.6162831847062021,1.0,1.0,1.020914659162071,0,-3.8335743940168596
0.0,0.4484140607985659,1.0,0.3829156621182437,0.0,1.0,0.52498298576572,0.0,1.0,-1.654915655227967,1,-5.618112769043778
0.0,-0.9345020215417029,1.0,0.09043732224635236,1.0,0.0,-0.5435419331647459,0.0,1.0,1.5092271134586894,1,-4.984683661382938
1.0,-0.6109679879658095,0.0,-0.2224019857325223,0.0,0.0,1.6147689929014561,1.0,0.0,-1.0688160767351,1,-3.3742721187877214
1.0,-0.37341821776685713,1.0,0.9670601703045153,1.0,1.0,0.23033803422687332,1.0,1.0,-0.8046911695282497,1,-4.946459886355504
1.0,-0.4464761435363142,1.0,-0.16747610825251352,0.0,0.0,-2.022516894545322,0.0,0.0,-0.39682754959674543,1,-4.515415978532214
1.0,0.8620367958220542,1.0,-1.1809869981084051,0.0,1.0,0.21524088302496128,1.0,0.0,0.14223362881680385,0,-3.719119907838193
0.0,1.1349643965036962,1.0,0.7242249028602783,0.0,1.0,-0.865305670159001,0.0,0.0,0.20951803529628335,1,-5.261274807276483
0.0,-0.9197008839860349,0.0,1.1209986216261616,0.0,0.0,-0.4508509231877266,0.0,1.0,0.17091721573534346,1,-4.246654986550568
1.0,-0.9643049377521637,1.0,2.226533748266038,0.0,0.0,0.14992433557029405,0.0,1.0,0.29331318767599246,1,-5.047372427272234
0.0,0.5370210178637776,0.0,-2.306444244669473,1.0,1.0,-0.43341434935627,0.0,0.0,-1.9220354329550375,0,-4.507639384676854
1.0,0.21591513527933714,0.0,-1.797380658693571,1.0,1.0,-1.3674553418537085,0.0,0.0,0.17551421066095954,1,-3.3139331849769214
1.0,-0.4629352937596723,0.0,1.6441847661703146,1.0,0.0,0.5244482786224798,0.0,1.0,-1.1373191360814887,1,-4.857161431580642
0.0,-0.8717120140185697,0.0,0.31087101390691096,0.0,0.0,1.4616820045793917,0.0,0.0,-0.1724267730271939,1,-4.381204672082225
0.0,0.022911980407831413,1.0,0.28208982727220855,1.0,0.0,-1.1255958472457805,1.0,1.0,-0.6222491840771389,0,-4.452301901379176
0.0,0.5599023631715496,0.0,-0.16331209511741993,0.0,1.0,-0.6785991208685495,1.0,0.0,-0.6905701407568111,1,-4.035737071297305
0.0,-0.9014488611484027,1.0,-0.662847744363874,0.0,0.0,-0.15116185071558472,1.0,0.0,-0.04685184719677807,0,-3.465779998400696
1.0,-1.1491042307883945,1.0,-1.4915538358356977,0.0,0.0,-0.5129431505140558,0.0,0.0,-0.76951131613032,0,-4.098120178206607
1.0,0.21159506825124655,1.0,-1.2572776362826794,0.0,0.0,0.9291904915150813,0.0,0.0,-1.418861725564334,1,-5.29115457740944
1.0,-1.1269986526006484,0.0,-0.7202261679757074,1.0,0.0,-0.9588425128016047,1.0,0.0,-0.03190024497990232,1,-3.0916099401804122
0.0,0.5596238570057804,0.0,0.014726187241010559,1.0,1.0,-0.3951900980323583,0.0,1.0,0.10476199056769793,1,-4.400952527281345
0.0,0.9763294026036893,1.0,-1.2440700658128545,1.0,1.0,1.4876093361814862,1.0,0.0,0.07123816877598557,1,-4.730111600244001
1.0,0.21135235410639433,1.0,1.074700940100256,1.0,1.0,-0.060952225517986514,1.0,1.0,-0.9755626808079116,0,-4.372705469552284
0.0,0.20408987792344357,0.0,-0.2583471502338526,0.0,1.0,0.5918697523159946,0.0,1.0,0.7390523140330734,0,-3.865564250186766
0.0,2.046745434885524,0.0,1.2100113800692949,1.0,1.0,-1.040311928458385,0.0,1.0,-0.8461632255703067,0,-4.924388626067836
0.0,-0.2666973406089665,1.0,-0.012870761337376777,0.0,0.0,-2.452126769965279,0.0,0.0,-1.5829954605658914,1,-4.735288215227201
1.0,-1.7541348398127306,1.0,-1.5827344109982342,1.0,0.0,-0.5212015667513791,1.0,0.0,-0.7432701938806295,0,-2.7119664529252483
0.0,0.044052226966861056,0.0,0.2079117557673815,0.0,0.0,-1.621775582741388,1.0,1.0,-0.1204044271305597,1,-3.6461368805375742
1.0,0.6506963367434747,0.0,-1.1179223066203743,0.0,0.0,0.5149060008395646,0.0,0.0,0.709734829597491,0,-3.468223299636701
0.0,-0.5620247912176889,1.0,-0.16672917869357282,1.0,1.0,0.006363701880343682,0.0,0.0,0.7473122306772404,0,-4.221885411333299
0.0,-1.3325843396756918,0.0,-0.27015755882509646,0.0,0.0,-0.5919585742102614,1.0,0.0,0.5726193990890073,0,-2.317673969977976
1.0,-0.5445616995155107,1.0,0.03885915585560476,1.0,1.0,0.6697932721897472,0.0,0.0,1.5455480152635692,1,-4.1231838446106375
0.0,0.5834228001295908,1.0,-1.5629543215568762,1.0,0.0,1.6277335935688355,0.0,0.0,-0.43089280380463796,1,-4.4696409036205775
1.0,0.4503230552289189,0.0,-2.7531706280600274,0.0,1.0,1.3748628714224298,1.0,0.0,0.2863264627765597,1,-2.7034252565895
0.0,0.22551837452809514,0.0,-0.1565352514885537,0.0,1.0,-0.9257231008466215,0.0,1.0,0.5891076962799303,0,-4.22992040902396
0.0,-2.8221993343680074,0.0,-1.1370416269882841,0.0,0.0,-0.9209588768245736,1.0,0.0,-0.5935670110067313,1,-2.4345786557365803
1.0,-1.6715858084539834,0.0,0.22929726360537153,1.0,0.0,1.134931637298507,1.0,0.0,0.1318940859263385,0,-2.1148431643952557
0.0,-1.666706927835224,0.0,-0.4154731162995047,1.0,0.0,0.2907474126301436,0.0,0.0,-2.3157130587032784,0,-3.6192037963865924
1.0,1.6345940931464205,1.0,-0.15782024874664902,1.0,1.0,1.8967779577622839,0.0,0.0,1.2928703009375804,1,-4.710644053314559
1.0,-0.46170836400039555,0.0,-1.836844445228464,0.0,0.0,1.2681275495014954,0.0,0.0,-1.5660183742258447,1,-3.682595078894287
0.0,2.2470263722856227,0.0,1.2063166328276842,0.0,1.0,0.1349901212877014,0.0,1.0,0.3720691970535087,0,-5.157750408701543
1.0,-1.6177410703091244,1.0,-0.76032651583248,0.0,0.0,0.3599757744173302,0.0,0.0,0.44889711829200013,0,-3.462790560972554
0.0,-1.0158750104307637,0.0,0.3981405601685936,1.0,0.0,0.27345949555472726,1.0,1.0,-0.21165205259927897,0,-2.9015977382161604
0.0,-0.8466334349907205,0.0,-1.1014322949411337,0.0,0.0,-0.9601351798058041,1.0,0.0,-0.06449824409627736,0,-2.5954519947630517
1.0,0.44017992990842697,1.0,0.7873670974430118,1.0,1.0,-0.3619306531892769,1.0,1.0,0.6685067190418847,0,-4.451627963957769
0.0,-2.123060950964801,1.0,-1.0476781270083604,1.0,0.0,0.44540411861739476,0.0,0.0,-1.4478454908352374,0,-4.049938738493416
1.0,0.6550134632373203,1.0,0.3652054894974399,1.0,1.0,1.3843563751222954,1.0,0.0,1.3716209929745546,1,-3.9682687567259
0.0,-0.23118402310020156,1.0,-0.5907543969143328,0.0,0.0,0.5285238308748198,1.0,0.0,0.06291590803520494,0,-3.3470234985492255
0.0,-0.10852213730077737,0.0,-3.5982981351007606,1.0,0.0,0.3938554551305719,1.0,0.0,-0.45831853338307416,0,-3.1677944333638766
1.0,0.7149131499668571,1.0,2.3475757927658094,1.0,1.0,0.3219169740660563,0.0,1.0,-0.07461826333090021,0,-4.710183844232166
0.0,0.027849123329581022,0.0,-0.7676573086625755,0.0,1.0,-0.21046337038717372,0.0,0.0,-0.06187779558699409,0,-3.9353324976238575
1.0,-1.1963237612611637,0.0,-1.279090321832655,0.0,0.0,0.34551416018468956,0.0,0.0,1.6407242733885343,1,-3.147055053689774
0.0,-1.4639487358507752,0.0,-0.8013385013370083,1.0,0.0,-0.6037491548028496,1.0,1.0,-0.7445180381927852,0,-2.829219652741647
1.0,-1.1314899991207406,1.0,0.46212545188861565,1.0,0.0,-1.4784667074958442,1.0,1.0,0.659597924386816,1,-3.5691322811750323
1.0,-1.613500682151831,0.0,-0.5994478029411268,0.0,0.0,0.7421307288744943,1.0,0.0,-0.961219505972825,1,-2.916245109816317
0.0,0.6629584474450434,1.0,-0.903740388528825,0.0,1.0,-0.5267275672384135,0.0,0.0,0.5890145977831457,1,-4.5925434802740694
0.0,-0.34517392063619357,0.0,-1.3024801772043557,1.0,0.0,1.036565908127446,0.0,0.0,0.5456671866360883,1,-3.6388015547690604
1.0,0.01990509127463232,1.0,-1.460250529107512,0.0,0.0,-0.5591094704514971,1.0,0.0,0.8457506121017347,0,-3.6043610898841423
0.0,0.6416078557634461,1.0,0.2655920569220166,0.0,1.0,-0.17589921976085687,1.0,0.0,-0.7843823019295856,0,-3.8221080047979115
0.0,-0.17062057813364329,1.0,0.7421123628249405,0.0,0.0,1.354064505498244,1.0,1.0,-0.42824934485516225,1,-5.034548423836942
0.0,0.38896497803740815,1.0,1.8765857674963786,0.0,1.0,-0.57824208487079,1.0,1.0,-0.10589745343110407,0,-4.253592634307464
0.0,-0.21792165432484759,1.0,0.4935104762646224,0.0,0.0,-0.0015371338008540196,0.0,1.0,1.8498715494586604,0,-4.219351162184773
1.0,-0.20085200501436531,1.0,-1.3895750218112135,0.0,0.0,1.5335121349551035,1.0,0.0,0.16850649008988203,1,-3.517997058570175
0.0,1.3406154298355792,1.0,-0.062330337495734904,0.0,1.0,-0.4579595835360184,0.0,0.0,1.631856753887375,0,-4.568896705222685
1.0,0.7489727673882413,1.0,-0.49450051686546004,0.0,1.0,-1.0523659931000644,1.0,0.0,0.2785130770443234,1,-4.101818599576156
0.0,-0.2547579221430594,1.0,-1.2445980556299645,0.0,1.0,-1.3456313746960895,1.0,0.0,1.4227450038665514,1,-3.505317770084712
1.0,0.094617377513807,0.0,0.5054174660488948,1.0,0.0,1.6922574778425605,0.0,1.0,-1.2920237760686744,0,-4.146450276165359
0.0,-1.1515644585628126,1.0,-0.9307268689022548,0.0,0.0,0.1088545378906666,1.0,0.0,1.6656818371106248,0,-3.074703783647726
1.0,0.5020796229330077,0.0,-0.41949532384362076,1.0,1.0,0.33088553598431203,0.0,0.0,0.44585457136963275,0,-3.931998369655125
1.0,1.4999160516776637,0.0,0.947565982430638,0.0,1.0,-0.43772318006959376,1.0,1.0,1.711955982251573,0,-3.233609364464342
0.0,0.558074437360707,1.0,-1.558200292629015,0.0,0.0,-0.5087401126656754,1.0,0.0,-1.8949922111067619,0,-3.605011536070746
0.0,-1.402340337991739,1.0,0.4170051870923904,0.0,0.0,1.2017373274490921,0.0,1.0,-0.29103371942840894,1,-4.933797563036555
0.0,2.0567637592785393,1.0,0.22388662141232527,1.0,1.0,-0.15542596275717768,1.0,0.0,-0.4520658656012719,0,-5.344852858066153
1.0,0.08310896483973143,0.0,2.217310153634438,0.0,1.0,1.471716550237388,1.0,1.0,-0.34887851373031,1,-4.039042633790894
0.0,0.11282994362451362,1.0,0.19481902688483174,1.0,1.0,1.0427547361081748,0.0,0.0,0.7591583727289027,0,-4.360965949150059
1.0,1.4682855525432101,0.0,-0.3232455510585074,0.0,1.0,0.8144264371736238,0.0,1.0,-1.713719545669682,1,-4.94348190356694
0.0,0.5609213723374075,0.0,0.23705958191961188,1.0,1.0,0.5008902012442704,1.0,1.0,0.16627327918584076,1,-4.285621745971828
0.0,1.0798819908894541,0.0,-0.2013748743704095,1.0,1.0,0.9197498123706839,0.0,1.0,1.467262311493099,0,-3.9134828298412616
0.0,0.3887942670698199,1.0,-0.733721892420076,0.0,1.0,0.2668985996121447,1.0,0.0,1.0901634017428903,1,-4.510389316256955
0.0,1.5940367440273835,1.0,-0.11465493518927453,0.0,1.0,0.5677624945491729,1.0,0.0,1.0654789885331397,1,-4.26679032158886
1.0,0.6903274973470069,1.0,0.0999765672625983,1.0,1.0,0.12801732332201457,0.0,1.0,0.5450408261591116,1,-5.128940647072919
0.0,0.7317824286106477,1.0,1.0836638221921568,1.0,1.0,2.12702596946668,1.0,1.0,1.6335186487049607,0,-4.204917906467954
1.0,1.1555172304111812,0.0,-3.771239077510429,1.0,1.0,1.3428080892373981,0.0,0.0,-0.4540999233553182,0,-3.2808463215471666
0.0,-0.27816746325017844,1.0,0.7010141447493463,0.0,0.0,0.8017879495802472,1.0,1.0,-0.15047023360711034,1,-4.438381057187613
1.0,-0.07662762712875794,1.0,2.795765776127652,0.0,1.0,-0.03799770088549187,1.0,1.0,-2.023224831010254,0,-4.631372527941091
1.0,-0.6673386253784673,1.0,2.0504717325875306,1.0,0.0,-0.4713223618561238,1.0,1.0,1.232980617498514,0,-4.008509709777926
0.0,0.16078872435202118,1.0,-0.35036374246840335,1.0,1.0,0.14509247678830348,1.0,0.0,0.03804172344162672,1,-4.4086419764206966
1.0,0.2750920134791505,0.0,-0.6032452405287023,1.0,1.0,-0.1664698277159217,1.0,1.0,1.704367702306512,1,-3.2297339988391864
1.0,0.6832678495793528,0.0,1.793206979571919,1.0,0.0,1.3654793174866764,1.0,1.0,0.33515971596672434,1,-4.099244220263061
0.0,0.5257621850823581,1.0,0.07694623736669486,1.0,1.0,0.3189448371041104,1.0,1.0,1.5803940327443946,1,-4.299796001625449
1.0,0.27163108422860904,1.0,0.5672428021612256,0.0,1.0,0.03973138694174259,0.0,0.0,-1.436674117133681,0,-4.3876267258275625
1.0,-0.8163612814356228,0.0,0.9736364685415786,1.0,0.0,0.6413259169863265,1.0,1.0,-0.5589796219172101,0,-3.0782420191624045
0.0,0.58841717259637,1.0,-0.22006924256673036,0.0,1.0,-0.7119732811607782,0.0,0.0,0.3750473305731039,1,-5.219305265648155
1.0,-0.25672880468767123,0.0,1.828299269013757,1.0,0.0,-0.600572002982846,1.0,1.0,-1.7526421360290707,0,-4.226754339383342
1.0,-0.4050188751675735,0.0,1.9851420891637082,1.0,0.0,-2.16524082038482,0.0,1.0,0.5819998431939716,0,-3.9076293049151927
1.0,0.17376763416722332,0.0,-0.8731222131164877,1.0,0.0,-0.043079730002618534,0.0,0.0,2.6527854940743647,0,-2.6446194006292294
0.0,0.0895050231501564,0.0,-0.7388418690373073,0.0,1.0,1.2861915465770708,1.0,0.0,-0.24476879530207984,1,-3.3619576458029483
0.0,-0.45103895504605246,0.0,-0.7472154508068666,1.0,0.0,0.25793308388422315,1.0,1.0,-1.0771934773538618,1,-3.69980947023832
0.0,-2.6168693914138674,0.0,1.1152034809299725,1.0,0.0,1.9187400481156975,1.0,1.0,1.4440960800807827,1,-2.2036535262138455
0.0,-2.016158306609462,1.0,-0.05927376816517962,0.0,0.0,0.00032805745410093695,0.0,0.0,0.3812530994157131,1,-4.299830531702532
0.0,0.7511985374930508,1.0,-0.6392088187437057,1.0,1.0,-1.3147191501564714,0.0,0.0,1.707258833320927,1,-4.981123575970232
1.0,-0.32673387228891215,0.0,0.6061802632916564,0.0,0.0,-0.44583581876398176,1.0,0.0,-0.12425446295657712,1,-2.8070037706223436
0.0,-0.8572483158545048,1.0,0.6875507286550204,0.0,0.0,0.7114785829564018,1.0,1.0,1.12128512397244,1,-3.1139302498400143
0.0,-1.557817277961962,0.0,0.23306946435753495,0.0,0.0,-2.0169392212102455,1.0,1.0,0.07222097284188837,0,-2.919082923153807
1.0,-0.8181102446076542,1.0,-1.3548236473697797,1.0,0.0,1.4712543692787636,1.0,0.0,0.21034059999425364,1,-3.003713308264711
1.0,1.7556645898980348,1.0,0.04957385585493661,0.0,1.0,0.8199176864624201,1.0,0.0,-0.543817102468796,1,-5.518065926091808
1.0,-1.0078552950616533,0.0,-0.0194324594610786,0.0,0.0,1.4795538569523732,1.0,0.0,-2.1895204340128913,1,-3.3990334532987796
1.0,-1.0022369460209148,1.0,1.9175732462586776,1.0,1.0,2.4043483281867206,0.0,1.0,-0.18908010440529682,1,-4.804647633156635
1.0,1.1865186519648345,0.0,0.8047480936647977,0.0,1.0,1.589607186998854,0.0,1.0,-1.2995787167583086,1,-4.776902053386208
0.0,-0.4787251354169953,1.0,-1.5316016090781717,0.0,1.0,0.4157991818782836,0.0,0.0,-0.7965300162282698,1,-4.427075335397839
0.0,0.06077229530055454,1.0,1.570937537095577,1.0,0.0,0.06794314389220135,1.0,1.0,1.0838671050995348,0,-4.308545822799948
0.0,0.8673808560119853,0.0,0.4986779015589809,0.0,1.0,-0.06558596350464789,0.0,1.0,0.6245771381953117,0,-4.132844530151407
0.0,-0.5407594256428159,0.0,1.27460337017965,1.0,1.0,-0.7368656183688911,0.0,1.0,0.6956418467527136,1,-4.255773093135536
1.0,1.3212722950574265,0.0,-0.09064938790543461,1.0,1.0,0.4141984780736667,1.0,1.0,-1.5055065819173137,0,-4.289777531895251
0.0,-0.6793444781732862,0.0,0.6808683524817233,0.0,1.0,0.05895347213654378,1.0,1.0,0.20022614829962113,0,-3.2440372741035666
1.0,-0.22521654936930235,0.0,1.2672659511160902,1.0,1.0,-0.8227555036852503,1.0,1.0,0.8083514536072262,0,-2.8193279005204337
1.0,-2.01593010053371,0.0,0.5750613568859199,1.0,0.0,0.5688962363690006,0.0,1.0,-2.4221196232864695,1,-4.4551352026124675
1.0,-0.16485978246362398,1.0,-0.08032022250274741,0.0,1.0,0.2484467260839834,0.0,1.0,-1.2092024242811013,1,-4.774624874400197
0.0,-1.1167107185135225,0.0,-1.2219534980885676,0.0,0.0,0.45208934400763084,0.0,0.0,-0.19767609819279547,1,-4.256870984998307
1.0,-0.5262464362262699,1.0,0.5608411996906163,1.0,1.0,-0.017552998344717526,0.0,1.0,0.5935522711842135,1,-4.7548514924286165
0.0,-0.9319237280145201,1.0,0.7571689330049804,0.0,0.0,-0.7015629354181369,1.0,1.0,1.1305079178383528,1,-3.888658636065045
0.0,1.1183973043741593,1.0,1.1775949703576187,0.0,1.0,-0.6845343907054797,0.0,1.0,0.40411679039539994,0,-4.983677863841443
0.0,-1.6688904172598718,1.0,-1.5143394693308747,1.0,0.0,-0.966947863177715,0.0,0.0,0.101487983558374,1,-4.17732965911343
0.0,0.1465210077672272,0.0,-1.438328748919668,1.0,1.0,0.8663792693867294,1.0,0.0,2.7659356747205748,1,-2.3744044387069447
0.0,-0.3909228092307002,0.0,-0.18366326577386616,1.0,1.0,-1.154799982846827,1.0,1.0,0.8580749776086888,0,-3.288808159852193
1.0,0.6579142787298012,0.0,1.2312151985743551,1.0,1.0,-0.1520347975414328,0.0,1.0,-0.9971758138950861,1,-4.533327071793683
1.0,1.149697082281654,0.0,1.579869578245402,0.0,1.0,0.3596051016570064,1.0,1.0,0.29978277598714803,1,-3.973500238694615
1.0,-1.3020670252000428,1.0,-0.6243450693654712,1.0,0.0,0.8823534212357668,0.0,0.0,0.4845347663843467,1,-3.9524948645151974
1.0,-1.397058649069504,0.0,0.013050708081264411,1.0,0.0,-0.3126557991646021,1.0,1.0,-0.6892132180839322,0,-2.59634905404225
1.0,0.4589373368764817,0.0,-0.9392914742710043,0.0,0.0,-0.38340211979114325,1.0,0.0,-0.788958672233487,0,-2.8108912646943516
1.0,1.176737687340412,1.0,-1.2876002762390975,1.0,1.0,-0.2785664178033225,0.0,0.0,1.0488782216149475,0,-4.384950756959805
1.0,0.42294132622552305,1.0,0.3769057074728094,1.0,1.0,-0.15932726663130928,0.0,1.0,0.04497456157537959,1,-5.212918565589125
1.0,0.25798558491432605,1.0,0.2856558767872162,1.0,1.0,-1.0240457403675216,1.0,0.0,-0.14149590486035712,1,-3.872433515121923
0.0,-1.076274613664543,1.0,-2.1891351226546734,1.0,0.0,-0.02062213274025387,0.0,0.0,-1.3399456207804823,0,-3.2418492061522146
1.0,-0.15650199132868858,0.0,0.9346487420500679,0.0,0.0,-1.4886921800369843,0.0,1.0,0.5305264856984813,0,-3.592667042323105
0.0,-0.24311658072689454,1.0,2.2740527882993424,0.0,1.0,0.22229420179801535,1.0,1.0,-0.5416048556259783,0,-4.433940158799093
0.0,-0.9356311851790888,1.0,-1.0268656862743606,0.0,0.0,1.1207547701232163,0.0,0.0,-0.35934548756270623,1,-4.216691311305605
1.0,1.3388080882844404,1.0,0.17481949702540867,1.0,1.0,-0.9581172095693772,0.0,1.0,0.13883292328654334,1,-5.287835183346879
1.0,-1.1315038355829528,1.0,0.17705930432176323,0.0,0.0,-0.5094037774629679,1.0,0.0,-0.5941377362450468,1,-3.7210714708729764
0.0,0.26339660456797964,1.0,1.6320096896085419,1.0,1.0,1.2643861067011184,1.0,1.0,0.5305190544239751,0,-4.351093399353728
0.0,0.8238097423756248,0.0,0.15699890364837848,0.0,1.0,0.19297796984038854,1.0,1.0,0.7021888097685117,0,-3.3003122109502137
1.0,0.05602021973683648,1.0,0.7322764121496692,1.0,0.0,-0.15155169806105717,1.0,1.0,-1.9803413611992833,1,-4.60244535195816
1.0,0.06731818202736717,0.0,0.9395261215322371,1.0,1.0,0.16085152618440401,0.0,1.0,1.0704753279205539,0,-3.3901520569358077
1.0,0.864786169113324,0.0,1.1077016754124487,0.0,1.0,-0.09592746676905893,1.0,1.0,2.4184935055361705,0,-3.2071681726791947
1.0,-0.10391807695438955,1.0,-0.8585287974049718,1.0,1.0,-0.9988514731054884,1.0,0.0,1.130749921203461,1,-3.259676974873197
1.0,-2.6365136425989792,0.0,0.4696687655101994,0.0,0.0,-0.18783743312773551,0.0,1.0,0.4908667509879523,0,-2.8403992281471346
1.0,1.56187302834397,0.0,0.5879894722615514,1.0,1.0,1.806566710038669,0.0,0.0,-0.30281930288605396,0,-4.009167815221826
1.0,0.1714388644667916,1.0,0.7901797557426309,0.0,1.0,-1.1731955065617452,0.0,1.0,1.0499139047985044,1,-4.920934637551399
0.0,0.4494791739340664,1.0,1.606783988337603,0.0,1.0,0.04607005989080151,0.0,1.0,-2.2763418299308764,0,-5.872197095434025
1.0,-0.990525567709474,1.0,-0.3491134392688826,1.0,0.0,-2.0951806151732955,0.0,0.0,0.8761798144747601,1,-3.671600915919861
0.0,-1.0225592021394851,1.0,0.39078381130491874,1.0,0.0,0.39836188694600766,0.0,1.0,1.0980578458252308,0,-3.910103400425465
0.0,0.4360746609861066,1.0,1.3225124780952586,1.0,1.0,0.05327844864188637,1.0,1.0,-0.41088442904961775,0,-4.3885312782161305
0.0,0.5570857141671779,0.0,0.45369552783956024,0.0,1.0,-1.231891155825365,0.0,1.0,1.9845977814297815,0,-3.412468916716775
0.0,0.2821967712460195,0.0,1.0332127783983651,0.0,1.0,-1.5090440184217324,0.0,1.0,0.41037944827114997,0,-4.262631452474474
0.0,-0.5181918503467031,1.0,0.16636452105017271,1.0,0.0,0.5189133206933713,0.0,1.0,-1.7887165940801575,0,-5.317590627685627
0.0,-1.1991554362700256,0.0,-0.530186703215633,0.0,0.0,0.3250157484260772,1.0,0.0,0.9666678244704764,1,-2.793644032815319
0.0,-1.5412511451893716,0.0,0.9737526718334024,1.0,0.0,-0.3813859587703884,0.0,1.0,1.546964735299099,1,-3.9191672133670137
0.0,0.5349139445096066,1.0,0.19461095862447378,1.0,1.0,-1.4842752187075883,1.0,1.0,-0.2737657355699618,1,-5.127473981480193
0.0,-0.7311958844760338,0.0,1.5569165341882873,0.0,0.0,-0.46019223041438606,1.0,1.0,-1.1471257249333862,0,-3.4770824843523496
0.0,3.193172675224603,1.0,-0.4967392129164292,0.0,1.0,1.0862296301062924,0.0,0.0,-0.5427633678832454,0,-5.132889298764868
1.0,0.34019030875314293,1.0,0.5824316520494117,1.0,1.0,2.216296763740219,1.0,1.0,-1.8184060388280376,1,-4.943564194348219
0.0,-0.3649211303337613,1.0,-0.7491939664176833,0.0,0.0,0.03387559266138681,1.0,0.0,1.032875298158442,0,-3.7832755364853123
1.0,0.6271876199951231,1.0,-0.47397804999117704,0.0,1.0,-2.7269939576853908,1.0,1.0,1.9703036378033332,1,-3.5023457377707903
1.0,-0.02577657981999547,1.0,-0.45016860001074194,0.0,1.0,-0.7693879002056504,1.0,0.0,0.8490227522505172,0,-3.4550410719109435
1.0,-2.7462747101177025,1.0,0.8689973706982074,1.0,0.0,-0.8718937151485704,1.0,1.0,-1.3789666221211885,1,-3.2635566724796647
0.0,1.4994781638223311,1.0,2.091621090586062,0.0,1.0,0.6586986945932163,0.0,1.0,-0.01632568401356048,0,-5.490365069757758
0.0,-0.6771507704428263,1.0,1.0516024265628643,0.0,1.0,0.3610298114310604,1.0,1.0,-1.790332369122431,1,-4.732897509739845
1.0,2.755189001254879,0.0,0.250755288262828,1.0,1.0,-0.7021841149039622,0.0,0.0,-1.0218522643452133,0,-5.07104720467578
1.0,1.1605012297463964,1.0,0.07843283677799666,1.0,1.0,-0.3833181801640254,0.0,1.0,1.168599765824885,1,-4.7125367117743995
1.0,-0.42036667829804786,0.0,-0.23750692788337202,1.0,0.0,-0.5084886095260923,1.0,1.0,-1.885354004084449,0,-3.012591440072516
1.0,-0.7824782615255164,0.0,-0.009354188517626724,0.0,0.0,0.3324253057031334,0.0,0.0,1.016511456702892,1,-3.261186806836844
0.0,-0.053329508367449936,0.0,0.6492551442046413,1.0,1.0,1.829943450435142,1.0,1.0,0.327894389990177,1,-3.658431354621654
1.0,0.16033159667476823,0.0,1.1042253832495126,0.0,0.0,0.38200590557719716,0.0,1.0,-1.168421955188199,1,-4.666313801881672
0.0,-1.3751453415061674,0.0,-1.3103189189534958,0.0,0.0,1.7816307055942495,0.0,0.0,-0.09350268396745115,1,-4.030239615200326
0.0,-1.2270554447739237,0.0,0.6046269028343357,1.0,0.0,-1.2401928922553036,0.0,1.0,-1.0708809079208488,0,-3.0816254707240303
1.0,1.2823964641111831,0.0,0.006242372152585115,0.0,1.0,0.5882440817473406,0.0,0.0,-0.13727337056376337,1,-4.726569472394299
1.0,-1.549203754402757,0.0,0.4245627185812656,0.0,0.0,1.2627270269982784,1.0,0.0,0.8154362834236167,1,-2.7474147971774965
1.0,0.8079938707354035,1.0,-0.0849700555560932,0.0,1.0,0.07900859704428975,1.0,0.0,0.7594652165392124,1,-3.902150963902591
0.0,-0.13752149887955936,0.0,0.7321705980044354,1.0,0.0,-0.8545896775881708,0.0,1.0,0.6433945876393782,1,-4.460982403794492
0.0,-0.1671419494719169,1.0,1.4026115657534775,0.0,0.0,-0.3003447848289633,0.0,1.0,-0.520363279243485,0,-4.9445100520203695
0.0,0.8147475143977414,0.0,-1.710880829741965,0.0,1.0,-1.6909802100271316,1.0,0.0,1.0041939924725685,0,-2.4917670961303626
1.0,-0.9451522178176188,0.0,0.31674706048707624,0.0,0.0,0.12390025209680865,0.0,1.0,-2.100088962375055,0,-4.011932130193381
1.0,0.6246717395255317,0.0,1.0247314643933711,0.0,1.0,-0.12246447926824135,1.0,1.0,-0.898200861466004,0,-4.023237140552511
1.0,-1.5308178606980698,0.0,-0.5860913063706005,1.0,0.0,2.0907150005475224,1.0,0.0,0.5153166265218974,1,-2.287588571283726
0.0,-1.571767560742104,0.0,-2.047192827276373,0.0,0.0,0.37730749452636025,1.0,0.0,1.282551625629788,1,-2.099404312868963
1.0,0.6056066921434728,1.0,-0.33902361997153424,0.0,1.0,-0.7524176014396241,0.0,0.0,0.06099682384628964,1,-5.263284427827602
0.0,-1.54582786174011,0.0,0.690002381619731,0.0,0.0,-0.41165668023188556,1.0,1.0,-1.2393021280344483,0,-3.3420100646248456
1.0,-0.5421170873940143,1.0,1.7304509658120084,1.0,0.0,-0.5311733497116372,0.0,1.0,1.202212872349446,0,-4.3317810027947985
1.0,-1.3214348275632914,1.0,-0.4152912517939149,1.0,0.0,1.0271128023404266,1.0,1.0,-1.0885775711093941,1,-3.6560759968998617
0.0,-0.07290228876141966,0.0,-0.23579784433464587,0.0,0.0,0.18174787852956012,0.0,1.0,-0.024364487760145232,0,-3.8484349585423545
0.0,-1.2549901703618516,1.0,0.7216112687184529,1.0,0.0,-0.5846802911300308,1.0,1.0,-0.30344667321999397,0,-3.90915986295251
0.0,0.3131837531995559,1.0,0.489259642979718,0.0,1.0,1.0836775054789598,0.0,1.0,0.6821500927340712,0,-4.50186750347544
0.0,0.06607737702692602,1.0,-0.33012776409384403,0.0,1.0,0.6111562959614038,1.0,0.0,1.4649230149083339,1,-3.4819018704250473
0.0,1.6891954796453426,0.0,1.140603037597993,0.0,1.0,-0.8825275482214604,1.0,1.0,-0.02668536794395579,0,-4.6041150094256
1.0,-0.46542174478712806,0.0,0.046864500456145576,0.0,0.0,0.8082079955381941,0.0,1.0,-2.520514860076482,0,-4.266295243132464
0.0,0.23146594865356382,0.0,0.3440109255303849,0.0,0.0,0.5793546119246317,1.0,0.0,0.9133034204520787,0,-2.727959107992958
0.0,0.9675199067532054,1.0,1.0939540121779245,0.0,1.0,0.015613494625425326,1.0,1.0,-0.8762189366814231,1,-5.020801487381252
0.0,0.6070816548573391,1.0,1.006486816711771,0.0,1.0,2.0143898048929754,1.0,1.0,-0.13399464094577593,0,-4.761203674667574
0.0,-0.07236519228766317,0.0,0.39213104552998806,0.0,1.0,1.4961117834907849,0.0,1.0,-0.4843070158035511,1,-4.596413633726378
0.0,0.15792730341773817,0.0,0.5469249187205223,1.0,1.0,-0.8106668053501243,0.0,1.0,1.0479151174318238,0,-4.314958255941763
1.0,-1.3006186306532614,1.0,-0.016928089913985922,1.0,0.0,1.6442627682446687,0.0,0.0,0.1302759344241997,1,-4.343791170934967
0.0,-1.8567335802360039,1.0,-1.0728517627677874,1.0,0.0,0.10791344702037484,1.0,0.0,-0.1023460157113296,0,-2.750311987664045
1.0,-1.8243770538102404,0.0,-1.9090801762912526,0.0,0.0,-0.7436897142573772,1.0,0.0,-1.892230555937968,0,-2.037934742895721
1.0,-0.4645147059380831,0.0,-1.0824846912262767,0.0,0.0,-1.5933456595593043,0.0,0.0,0.8840426306957899,1,-3.1431381800024623
0.0,-1.5012139120192018,0.0,1.0364734891941172,0.0,0.0,0.003856808566620648,0.0,1.0,-1.2658345665150246,0,-4.012270104529519
0.0,-0.7490101476004841,0.0,-0.11035283879417922,1.0,0.0,-0.4058544107222453,1.0,0.0,-0.28283492343551087,0,-2.9033745399549944
0.0,-0.6113374618212628,1.0,-0.5286390641306329,0.0,0.0,-0.26424798279628764,0.0,0.0,0.8182551969351196,0,-3.772472364368071
1.0,0.5272808385943033,0.0,1.27988964118286,1.0,1.0,0.4519141829574434,1.0,1.0,-0.09240050776860667,0,-3.403252482414805
1.0,-0.46627322722231684,1.0,0.5835082265969392,1.0,1.0,-0.3227837162576575,1.0,1.0,0.7254680364618736,1,-4.076802161439941
0.0,-0.08955539043541491,0.0,-0.8622265275127692,0.0,1.0,0.16700282456727797,1.0,0.0,1.1296838520542125,0,-2.8332984685017206
0.0,0.12596685978663108,0.0,0.2757659679162604,0.0,1.0,-0.11594751080443558,1.0,1.0,0.18967487645071057,0,-2.9645042275674145
0.0,0.0738190896869877,0.0,0.4137667372247754,1.0,1.0,1.778040314374533,0.0,1.0,0.08666484413441358,0,-4.228435095865779
1.0,0.5146723618646979,0.0,0.9828091851348342,1.0,1.0,-1.9852030271560972,1.0,1.0,-1.048645741627064,1,-3.795718336044154
1.0,0.45086874442235686,1.0,0.15626057166356974,1.0,1.0,-0.13203109719075495,1.0,0.0,0.9012143095944241,0,-3.8389932711169847
0.0,0.2819356767369327,1.0,-0.9182062331853806,1.0,0.0,0.3602494886726018,0.0,0.0,-0.4713835797171388,0,-4.803927932838799
0.0,-0.8549471456249694,1.0,-0.08805478794446905,1.0,0.0,-1.5759098710286732,1.0,1.0,-0.9531195359797284,1,-4.664860858475846
0.0,-0.801104956813447,1.0,1.6976500229630598,1.0,0.0,-1.6712595478027596,0.0,1.0,-1.4603725077934857,0,-5.728592828384508
0.0,-1.0329112274985772,1.0,1.8258798820844495,1.0,0.0,-0.3252383523345981,1.0,1.0,-0.20457354854708368,0,-4.687506690700175
0.0,1.0362591630360232,1.0,0.4374493483693046,0.0,1.0,-0.23400011362033313,0.0,1.0,-0.5644574196784496,0,-5.671153937482255
0.0,0.08549768087791022,1.0,-1.7405250049689485,1.0,0.0,0.8489596047891388,1.0,0.0,-1.1903641965499607,0,-3.696658930876361
1.0,0.1772641091876115,1.0,-0.740432219401206,0.0,1.0,-0.2068514523634008,1.0,0.0,0.11551658737308139,1,-4.115426177878868
1.0,-1.2727007641096593,0.0,0.8716199908081615,0.0,0.0,0.4179387070794547,0.0,1.0,-0.736946360498726,1,-4.305731056766322
0.0,-1.32584681823259,1.0,1.3403137711647843,0.0,0.0,0.7366055133284573,0.0,1.0,-0.930896582818027,1,-5.262703634373769
1.0,0.6150947365704532,0.0,0.8865134515623903,1.0,1.0,0.3041036430629841,1.0,1.0,0.03360490507415515,0,-3.3522344137211713
0.0,-1.5726137503993223,0.0,-1.7708043112581424,1.0,0.0,1.2045920053109231,0.0,0.0,-0.9273002359997993,0,-2.6498105212135665
1.0,-0.3117480117200815,0.0,-1.3240064775657276,0.0,0.0,-0.5932279421262849,1.0,0.0,0.23325549052687702,0,-2.531100320929331
1.0,-0.15481372989858355,0.0,-0.2996107144086428,1.0,0.0,2.0714352406780243,1.0,0.0,1.4776688623632972,1,-2.206885871887431
0.0,1.2214928730542087,0.0,0.9711767910174137,1.0,1.0,-1.1226430720466924,0.0,1.0,-0.19538358716251686,1,-5.424916978927834
1.0,-0.8925106427507258,0.0,-0.569006199821761,1.0,0.0,-0.2163703572753995,0.0,0.0,-0.5801189545872345,0,-3.5941086471756183
0.0,0.7465240295450566,1.0,0.9174752220151836,1.0,0.0,-0.9852629233809902,0.0,1.0,-0.019299045885607186,0,-5.260483940252966
1.0,-0.40427496737488094,1.0,2.356607897446977,1.0,0.0,1.5602429157757398,1.0,1.0,-1.6802224233031866,1,-4.972481524482259
0.0,-0.256691511277343,0.0,-1.0608319413762355,0.0,0.0,-0.659890684528891,0.0,0.0,1.1680008022864083,1,-3.9397766905903353
