x1,x2,x3,x4,x5,x6,x7,x8,x9,x10,Z,Y
0.09580655759762884,-0.7916875804987826,0.40920054237401315,379.7111708168003,-0.014471113994513564,1.430977778568928,0.03245656817617456,1.7242934156563987,0.330489103749034,1.9418295702395514,0,241.30752506722988
0.6558704149349319,-0.29691097783258125,0.20681847234613376,414.4722872823205,0.1549577570977189,-0.510777743207253,0.28361933905144937,-1.9934107020554501,1.3309239039870908,0.34270439808052083,0,199.49927080731206
0.9566966345423007,0.6366392868476275,0.2020221561651464,448.59071082354666,-0.1272754792704528,-1.2522131196054838,-0.8536803572756214,-0.8943145331108954,-1.5755951000950332,0.5754473805720918,1,237.41622730640609
0.8770091122485479,0.5431312408454207,0.17141321425882375,419.5419869416721,-1.1482982972004865,-0.40921688720225896,0.8188996583451574,0.5485302512747687,1.6295728885793512,-0.31051824012140555,1,204.678939815082
0.31642050864220644,-0.9477407259661806,0.19997774605625063,297.23361383632755,-0.18438113886401783,1.527211054146885,-0.4490287028106212,-0.6555733610671404,-0.7972371712631454,1.133338992573955,0,220.2414114891504
2.017756006450872,0.0732567704718124,0.2388660426634412,426.791993224147,0.4396380716925845,0.7020446355621867,0.36813819842639184,-0.18686690906368666,1.7638171879679705,-1.3431846756230257,0,172.1236148056288
0.4686885293543197,-0.06860420391395483,0.21531295924464208,421.98370535278946,0.18662144406197195,0.45803674614840895,0.5718514014912225,0.5559161338349531,-0.24404769881125923,0.05014259256056205,0,197.31106605671457
0.6357062975505059,-0.6209282555898279,0.23089787906002943,367.2557448568463,0.5678578843784505,1.0430593674872484,0.1727325079590181,1.372244606327485,-0.5832138630444608,2.7474409226573147,1,226.48443916614056
0.8924317248601623,0.4231794825087156,0.22296733783693173,411.94105240412426,-1.4884857829294915,0.07027420040080146,-0.20862334331555266,1.9777456466859367,0.23813691306701815,0.8298258325964405,0,187.58343940043943
0.14518662724471848,-0.5562839279647785,0.2716530806277017,380.9598634323093,0.6395743535922015,1.3369758464637946,-0.02518636220263588,1.0311039221285396,-0.1939139814048245,0.9784671726306328,1,156.32984409321014
1.8690679008340918,0.2190185436397809,0.2860313612955726,397.0866302088423,0.7860808488081764,-0.6322126289400072,-0.5032638687728686,0.9838065788356836,-0.6711854082001262,-0.2682689373578035,0,174.28635890076444
0.7904795224129878,0.5039621568368168,0.21227000280612088,467.56478551539277,0.7770718884400771,0.7988948442893131,-1.6228692182004427,0.14291241325123136,-0.7709547430452698,1.0116646086043948,1,241.89976849414865
1.6613941158012095,-0.021405530416909194,0.16439479385149613,308.6031821786124,2.082837884907791,0.6073288303866624,-2.2526962638396113,-0.46770148878114887,0.9741294642676572,0.9998595032935172,0,208.0807748821467
0.07952404355132145,-0.2220497734524854,0.21295985984079732,415.99478663902016,-0.49402267291079976,0.5215823864560081,-1.1309054671574517,-1.1707261930427786,0.3259255536225101,0.6122485924750157,1,165.73786393598257
0.4232637986927354,0.09143576207089987,0.2198829001458248,414.0622969760277,0.977263016519064,-0.12896658786203352,-1.5285424611148475,0.31156205531701,0.10860154551637936,-0.7131391994912372,1,202.8718918488433
0.5712020923300501,-0.17348905142985094,0.21571138285084823,327.88353335127107,-0.5547324460398435,-0.0843047687896681,-1.9341528329908575,-0.643047523548418,2.411405276047852,0.24088810991865336,1,186.5221821375038
0.34652932219209726,0.2968844904345139,0.20338792486128204,456.357109452523,-0.7306919617774101,1.2277872053156889,-0.21809564101464898,0.3693675737700701,-1.531966110597789,0.16578335472767308,1,230.83872846012252
0.1946825210653848,0.025362724209049576,0.15484845825859891,429.2039855862179,0.38445765255768005,1.7634831063428893,-0.6875553264958512,0.8352893929394763,-0.1812756752779288,-1.7882546768441034,1,215.8001345115268
0.7006537274461885,-1.0677138620458309,0.18708960400904398,306.369343474977,0.32835305778431095,0.03594399325472799,1.2266461181568236,0.8585160992064305,0.41621371310801053,-1.0287569862357901,0,225.21160732562993
1.4530761806354429,-0.4653540819417233,0.1343534924790733,332.6119777749658,-0.37503202415541287,2.0514294087579166,-0.6195935736073052,-0.5046612445904002,-0.872092257934598,0.10525579268460192,0,210.57522960583336
2.6215315211041816,-0.33604870311726404,0.1603688140339,267.261441568914,0.1307430825144543,-0.28196544572485827,3.178502179120486,-0.4469595591716022,0.4339207383501475,0.2753706808206267,0,208.33568125260405
1.0014427636042347,0.21643571443682563,0.20206513257801687,507.8295401139896,1.2420187852406153,0.6717572427118501,0.1276785302187181,0.4373469111971701,0.6212170843755002,-0.36376202953208797,1,255.6383751742795
0.42021584225554126,-0.2412452012042625,0.22825442572383375,350.65408970235495,0.7592462046238627,1.638174969163818,1.0672986620908294,2.1193164795914288,-0.7427778262505957,0.33472610687522425,1,166.38824039108115
0.16783895976002414,-0.7667142692059393,0.22288436731849068,366.05267832466905,-1.1168485942222297,0.7943848820732214,1.7596036035089242,0.18747538612210038,-0.6257171666209762,0.06507063175202549,1,167.63543394155434
0.23391915000136307,-0.6523583954233725,0.19670321733658666,365.05607030429644,-0.5264186914931235,0.28098995781623154,-0.08396883702047168,0.05599391738065779,-0.4145391286676533,-0.056214251488078126,1,185.48515811262186
3.6716709994302823,0.1449617633029072,0.2032110766410508,447.98595949042306,-0.39303936620359864,0.5354851149528006,-0.3691493972788755,-0.1792107305961044,-0.2823081286006779,-0.35900409211761686,0,165.39923462607746
0.1707785902131639,-0.630840956783793,0.20157623093530494,415.7543307039369,0.7347016865242489,0.41107444016747746,-1.1323857772601453,-0.7180649789256734,-0.9733680425451344,-1.4113684288725314,1,191.33029017163295
2.6230524942345346,0.04282231815001296,0.26016948355309666,387.9979548783473,1.2439323834479508,-0.2748723145936294,0.048819531356564375,0.197241579891653,-0.3420308818838992,0.3187678528883048,0,175.1511427811424
1.056339093135268,0.19489080847404192,0.21941550595433695,393.11627147101683,-0.19846075718859943,0.08776753345589768,-0.9603543277539249,-0.4391736275018105,0.9336328369274292,0.9589248221459208,1,228.07867393766568
0.24257740293160795,-1.0677793955285948,0.18073175302383027,307.89786215232465,1.3296835220402434,1.148319185810148,-0.3893033422794456,-0.6295260408375299,-0.36814785472829514,-0.0501361870232801,1,172.66642403857443
0.6612441817121134,0.12618996853898407,0.2061619806210553,369.37261182469786,-0.27905498961964326,-1.1561249545763743,-0.8106108847153113,-1.2434110908806157,-1.5572382534793197,1.0419507363320382,0,209.07251300035705
0.25650016512477897,-2.3130898487374463,0.25628233567287967,251.46080406965154,-0.02404787636894391,0.9044007094173999,0.16136404718226763,-0.5765765730835268,-1.1662037822570848,-2.1095190062170452,1,117.39438110753005
0.4987995087716042,0.12220508253610007,0.21613238313738778,457.1180661301405,0.5900381903864005,-0.2584046241707601,0.8483532748835321,-0.03566252484391169,-0.7523493620952543,-0.9063316061142386,1,209.98212265271763
1.940422881086191,-0.04746461130915475,0.1210029396546608,357.6379999118137,0.949181764170658,0.27957002214535476,0.5428264685463451,0.2344335627162816,-0.5195369674225762,0.6615211965336456,0,203.27945136072728
0.13385451261835082,-0.2983532898044059,0.2342235453390595,376.66935613712513,1.094768724904556,0.2110439033120509,0.17572922958667875,0.09068121460694238,-0.8791461218538157,0.31046392991970007,1,161.9042126657564
4.924420196054014,-0.047384053919148246,0.17052120024939904,344.09329138171245,0.4842692548096667,0.5851846487060566,0.4140957787608956,-0.8813762027035769,-1.1332047089917097,1.4646382124297528,0,180.94638537984443
1.1634384534332538,-0.1200040680592656,0.16916106126444264,316.3519951333215,-0.29874811983909527,-1.1537905984154693,-1.839990171116655,-1.7023501651896527,0.23130312846149292,-0.8145487153914431,0,213.13971131098026
1.2660093032982935,-0.29704147196927416,0.24889974956217634,283.6333023404392,0.34613582631991896,0.7168260513239149,-0.7741538856382061,-0.3041322561462482,-1.1089390700895783,-0.5803359659928179,0,202.34931409583228
0.23178636685483736,1.0740958638694056,0.2577177386459834,417.9357558569574,-1.543544354430563,-0.6081176400375191,0.2740505038541786,-2.252441637536129,-0.20516453833026163,-0.4025213944367827,1,178.43465946315027
0.8130070034435821,0.27384879488546443,0.23385271230190788,367.75241971124507,0.8339344279567253,-1.6356926336925908,0.3936248295565408,-1.0897113528195967,-0.20769204943948416,0.5691360024117089,1,224.0532050503752
0.9941989075352158,0.29896691244745793,0.22833195262811648,421.0024865237272,-0.09865385945397284,0.32812559517166734,0.6446619413523517,-0.0767565777690359,0.16326293815444443,-0.5364461610144691,0,183.26893249687848
0.3657865240385137,0.20602168267218107,0.21961337258521316,418.9710649143274,-1.2067270611198875,0.8054974446149429,-0.6564887067435993,1.0024910118309893,-0.8748467850789263,0.20399678414307051,0,200.6827920430432
0.39325708321063463,-0.7050106251588579,0.21451841261940122,377.1832123812817,0.42289946493528835,0.003097403018065921,1.7264282084599878,-0.3807842152369323,-1.3606987444913154,-0.39059793355127004,1,199.45724632377417
0.6959207550226539,-0.386354229038692,0.19219984210321514,410.4310218963638,-1.1734661952509604,0.5409476258544714,0.20526220171461673,0.30619341898079655,1.9208000349642957,-1.1481288694424834,0,204.93731066039732
0.7947365165268805,0.11583403096471954,0.24673324908801622,343.53326959138656,-1.010192714708371,-0.10593647172955446,0.05202060959255668,-0.09031380234066676,-0.20202001478817885,0.48748572102240917,0,193.85041300584203
1.0255422001946892,0.40557764453794387,0.204801071626754,377.72717030524325,-0.8698591910070395,0.5485411795759639,0.28815786832666246,0.4478023241637771,0.765731708070435,-0.7070674320373018,0,195.19918943573344
0.18195210508965465,0.2768586866452045,0.16413397848701666,388.62173520997777,-1.1879633186981655,0.029610688474372194,0.2076068214218957,-0.6658221903068285,0.2743266823845287,0.43669062002368525,1,196.75652798106174
0.5148641110136093,-0.43163433474621843,0.21571822678548871,363.09316086323514,0.4408752643152907,0.9941026719066998,-0.620696886218513,-2.193927588373132,0.0140756891196397,1.0814448190113053,1,194.93190608553
0.7927118314146575,-0.30156167728134803,0.21024828907562504,425.808126632683,0.7777332333053335,0.1476949522366096,0.22542790955535505,0.534562894786654,-1.7850646350340142,-0.932887643014239,0,191.8290044611773
0.2432704011403059,-0.24651542290836434,0.22223006855241975,328.0109681211458,-1.529422749691547,0.2078259824151981,0.6972535944695848,-1.3223601568068537,1.1815291708364761,-0.8287811597534515,1,161.81920373926312
4.247149270186869,0.03444817973348031,0.17423333255246273,419.27886044794775,0.10792947289574428,-0.7583119756354342,0.5283426364997417,-2.2078412902283833,-0.12082214170187884,2.2331498877699687,0,170.9348556857061
0.9272643363396053,-0.20235183123397713,0.24104084954778884,426.6293502136,0.902004571597013,0.2821854274611873,0.288181076692037,0.5394902198262682,0.9668187641858742,-3.0229999599698463,0,180.9943745267066
0.8904447589064887,0.10257478282223212,0.2089137368469421,412.858170868108,0.23851158348846865,-0.014903367333591083,-0.46768537061096005,-1.3849071688520183,0.2784062039395545,-1.3251853109086118,0,192.095785386628
0.28406804091751614,0.6225746291002562,0.19964935807060916,477.91107214209273,0.7936873488077469,1.3485289721301088,1.106362085908174,0.8480189466854005,0.32016226873437603,0.04054963919983508,1,228.65312560649303
0.2874605105154944,0.4062882447946152,0.2695950791847964,398.8606864520677,0.7350190099137234,-0.4616433087497998,0.1027532325886459,0.49480192987577304,0.38658352826681397,0.7393715992399007,1,167.59979578905416
0.19495435338598274,-0.09180376351455324,0.1984092884184759,402.37011645700795,0.5521158151954703,1.1749144096839343,0.19013506559562754,-0.6059803603855447,-2.407298350376025,0.8982305778018128,1,192.93006833108572
0.20667403519107458,0.5993028354354605,0.23756172721281651,432.8354035931207,0.6645690941908968,-0.5008430458185895,0.9994607600556201,-0.6485527535603678,-0.9964518003522493,0.5105110305748055,1,189.83259511085836
0.3176581948102189,-0.7725968176660224,0.2387279809174145,392.2109951030307,-0.44700160421313445,1.0296978993396866,0.7782554335413064,-0.44722286569043657,-0.16806279202453386,0.934581956836136,1,180.01952571602448
0.8883962249622598,0.07179829022173577,0.2280555231323449,405.81822406280475,1.4743192392670508,-0.5749359200368157,0.3780138533062514,-0.13980749046399113,0.5691143666653118,-1.0771364145948077,0,186.61295836307363
1.9155189699558748,-0.1579291110479714,0.14631907719585643,408.22500031817,-0.5454826517805278,-0.8430607263068947,-0.8227445824535826,-0.635127603605843,-1.2371203788047769,-0.5561783844172588,0,188.2977797645592
0.09345167552984247,-0.007347074878385486,0.17811678192608316,356.0898671994099,0.22052229920155797,-0.08854852679533776,-0.6495695212090979,-0.27992852518814937,1.0894848752916793,-2.1481276068382775,1,155.89118889125746
0.6457111812602929,-0.03332257541283604,0.232104227501808,378.9604351996027,0.10270614648414,-0.08968820375576281,1.9687856321307906,0.4304486968572798,0.13049776846673405,0.2385810767180389,1,229.40578847351955
0.3440942458192678,-0.9159266090817602,0.2092112123568243,338.5405798698758,0.8780096373722824,0.6661896388526193,-1.1210923331001403,-0.804785486591928,-0.39911288159168345,-0.34647621769648973,1,184.43728566160476
0.3819234554915944,0.2394794362273216,0.22002879832137548,444.70643297624116,1.287142880765083,0.9064685208701047,1.1751481911388604,-0.5747894329349783,-1.238319299099054,-0.24135437467052642,1,210.78871313689106
0.1610597613312108,0.3507770192910481,0.25169001119613227,397.42330301062924,0.7323655387721594,-0.8919795276014089,-0.6143096233161383,-0.24271578718243295,0.6091425842788505,-1.9417847470523466,1,171.88158551351935
0.116295531569715,-0.875861859082715,0.2556070452540182,287.84571545003973,1.0432138053240811,0.2989774669498498,0.32764645651287705,-1.9689186992808085,0.7889270477601046,-0.5511526965859206,1,120.45910057155918
0.4439449866086032,0.28609040556499027,0.21507852756685017,378.2351754122604,0.9123913124194691,2.02275672999678,-1.410813423046881,-1.6986015508515508,0.12999893028217185,-0.470366595170457,1,201.31439286444203
0.5135570697041678,-0.7721390230966081,0.21623538959375832,310.83756104836385,1.266844464206876,-1.3632662617043867,-0.5890885828473895,0.9626285981436272,0.8274941492060336,0.5946208177581083,0,216.58768004778358
0.5266945790570638,-1.0732247135061774,0.2131227107415536,306.51621842493967,0.2974840905130518,-0.6139449901386606,0.8227939005184071,-1.3136393628342535,-0.553500611801012,0.3083971204511609,0,221.99780262538403
1.4496184938892822,-0.43761619440129346,0.22885012069192237,359.58600814750366,-0.38964457236127154,1.0165869215299808,-1.2443751316700153,0.08240818948857555,0.6887265698119744,0.5965792693284809,0,190.4010312546739
0.35007870949628933,-0.04561585072057831,0.22540867872442014,463.36906163850546,1.9682718448362848,1.1809632777981625,0.2916706846116533,2.6956526906307636,0.6504418124393156,-0.34898479106333097,1,212.65856219177383
0.39142476008695115,0.9910562686990787,0.2272517209321256,454.89093225083894,0.8481148954463609,0.6219591562950217,0.1298346341721429,-1.400243546969499,0.8128286608512139,0.2257282462736678,0,202.66002479717318
7.351573228536275,-0.04767151598594323,0.2753789915639789,401.7595968024692,-0.12824169454118764,-1.214036777662323,-0.03149976410046275,-1.8764347867112812,0.2983797703081337,1.2845995670733452,0,159.6584278583426
1.6508868698411094,0.08415685000936113,0.15027695029778235,384.3339115041751,-1.3549157626495145,0.3776666133081828,-0.8583165626623181,0.374626744688755,1.2654741421596216,1.3060799109935075,0,196.0898909157348
0.48276906282894766,0.18642070375826938,0.21757887972953818,483.6557182758278,-0.539783776177214,0.9753146363374618,1.3198317785252214,-1.0828563146622388,-0.6808769274376812,1.467566139243608,0,194.99758952483705
0.42579615082026934,-0.7913778323459582,0.22844682597786198,372.030631853704,1.2131639378243406,-1.0110160823354324,-0.3034796429917837,-1.694531667069428,0.3738640734713537,1.9919882215178957,0,218.85145354272288
0.4829791266728473,-0.5123222150594867,0.21762931196971377,386.81268235338376,1.0987220898179162,0.21916442416848572,-0.12286560900682174,-1.7246873652987607,-0.9244484161792045,-0.11581412426592427,0,211.02204175524292
0.7422422245390262,-0.26017817569522217,0.20293620201028398,361.80381780324905,-0.7771176139443524,-0.7681792037366507,-1.3116005713828036,0.7747516257569141,0.45434164248446995,-1.0873756443303122,0,207.1535386645369
0.12149188556712139,2.0303456237079427,0.25010739178725966,466.61758031307016,1.1157719628900442,-0.48700828266853535,1.3772809095251373,0.045483819848705496,-2.251710840685769,-0.4742417168266154,0,212.25811022896693
0.5073083533995351,0.2612862698734311,0.2159415997885707,438.47327261987823,0.39219929504958556,0.9241078417586548,-0.9615244811103916,0.9211912146923049,-0.957631723825571,0.25036470007027944,1,221.85425362631165
1.2770765276334148,-0.0900250464454397,0.26950997251885894,350.906743828463,1.6432880527767126,-0.038684582514113955,-1.7007266311592182,0.6647976457569341,0.5430673404481051,0.8061490977897944,0,187.3249604090647
9.331016905189749,-0.03853788186978313,0.153075365829519,403.0180221073272,-1.2378592995727074,-0.4239683651284452,0.030355642741279994,-0.2540790323702364,1.2501837854657596,0.37052561967212844,0,162.0097910051131
0.6440412878454099,-0.0010361846655042757,0.20819206910158333,459.61333796475697,0.9899685753503373,-0.6778995661519499,-1.1059122292419523,0.2942233879336547,1.295616064960679,1.2580684902304196,1,225.75171951314664
0.23863766298342323,-0.13494418109717427,0.25051632248373146,340.30696926555436,-0.5014479414803803,1.2842577077142752,-0.4595464259568242,0.7583898892705869,-0.11284320743208479,-0.11913713662048284,1,155.78438031329372
0.1544022641250293,-0.24635992008061997,0.2160700210761407,393.0778499455631,1.55171214306162,-1.5328836909417465,-1.0119631455437097,-0.7973506495817185,0.03390208118960161,1.3813005247060175,1,175.09361701001652
0.3060831934746787,0.5614211556999169,0.21661316524142613,456.0017651691429,-1.2086789287409734,0.42477255426127547,0.12991200328960226,1.0195178061884496,0.04455764432195728,0.09819337678725099,1,214.1041605121644
0.593136196276985,0.06562255115644518,0.20577587534063954,437.4476067683836,-0.5596071365624176,-1.2924586927070802,0.16560086349807,-0.12391631274381318,0.05023313281985107,0.9026920018315604,1,209.67189255878554
1.2108952878828103,-0.12678569348229896,0.29885793945168726,338.0485638330899,-0.05267514552471777,0.7126601630003268,-0.3034337756691831,-1.4528568553564285,-0.3114730047637884,-0.32116835853530473,1,238.2991741268628
0.6210011883138324,0.2326253072447956,0.23522142907409876,400.03992104457257,-0.15846729738981144,0.0637745470786194,-0.2158711919733532,0.20252145519238174,1.7142939406082098,0.5129796830505838,0,185.50020045180676
0.8421905897413939,0.12657778960965776,0.19618423751653621,349.5828603826865,-1.0031471272282808,1.044880840384898,-0.46663639342128116,-1.3065350396823343,-1.3921031735639324,-1.3330453782619895,0,208.36027462785853
0.4312574546971919,0.29694637081209135,0.212847273638152,423.2450731456453,0.4685204715317014,-0.9192578662467473,-0.1280140540674869,0.605814518470678,-2.1259042012843827,1.9804486642768044,1,221.26428453955307
0.22313667708830723,-0.03630051974477186,0.20575335046133317,374.49594330081095,-0.2524392416095504,-1.140923206345649,1.6183745443485273,-0.2691386668737051,-1.5756407132483694,-0.8781214286895047,1,184.29776473093358
0.3935673577399131,0.4015280957367701,0.23037154695263776,421.1297651779502,-1.115756477623146,-1.5035372360751058,-1.1184238397866109,2.1214668437605404,-1.7264590297924716,-0.3861788209856332,1,192.83882554381893
0.9253763760445973,0.36891281785378716,0.21025190574847988,491.2830275097345,-0.8124737742462119,2.075842241967056,2.2365114869983693,-1.0080363974964077,-0.669240509205597,1.5351994654050067,1,254.2695051465822
1.283492584079235,0.35427645378538664,0.17028543031987403,406.8946330735349,0.1134330078148266,1.1957584646848207,-0.8963817448946716,0.8344630621199717,0.05560357519218129,-1.2090207474431887,0,192.0461407725869
5.030649581005565,-0.0745399761877314,0.09321553497679866,452.85570401435433,0.6598043793022632,0.8053541374612097,-0.7552569377482271,0.26411358066575485,0.03052061153813712,0.8378869551493078,0,170.49923346106712
0.6236305306785255,-0.27087973549374755,0.20778305585953183,421.282336986406,0.4333033634533482,1.7352755038378525,-0.8968759296314052,-0.13434127230807147,-0.25560449722519635,-1.533211114961488,1,208.88766701575892
0.17655106086098613,0.28791213411485644,0.22776717318273176,395.7637717204094,0.15579983396654468,0.19293668288412327,0.6881724993551447,-0.36767462427432807,-1.2680260277042246,-1.1200687842373347,1,176.9309148751721
0.11053218477898488,1.2216000028315441,0.1974762512219863,420.91844186441375,0.1150945093230945,-0.1556566213309033,-0.47174243192422577,-1.0265301513671294,-0.4077534940320944,-0.5597466871182388,1,180.83605279569716
0.31353357656051467,0.1344121893744713,0.22887663868190117,422.31987271137007,-0.32801760191600193,-0.5009669559677145,0.15024704497386296,-0.018492997094223234,-1.2165016632679702,1.2507082468103015,1,198.31006417354897
4.937506014070125,-0.19598892613206795,0.30012624628711804,362.1651036811342,0.05348719807319238,-0.043170295551193304,0.4818182236783269,-1.1204632222220412,-1.677514606419662,1.3596590157235096,0,169.0696447209584
0.16613131384022548,-0.13069966588640905,0.20583355401514997,350.0823033384089,-0.33751474790960895,-1.1987645042361739,1.1902786399348522,-1.1190261797386634,0.29406900625068055,-0.1444315708039442,1,164.49792256579727
0.5196523252051244,0.08421792213775045,0.21541037951338005,377.64229579607246,0.7857638901255274,-1.6398895461869964,-1.8650654596723106,-0.3933840117957356,0.7302869651885519,-0.6713225931418653,0,206.5909280620823
0.3627546518655249,0.8004837465177169,0.1992129846869256,481.55528354708565,-0.0497238340711261,-0.3951896374522275,-2.5128803778481306,0.8635451367233755,0.8022666504055321,-1.933228398984277,1,244.98797792834796
1.257873008942829,-0.2389730182401831,0.22317598729933485,451.3460759185794,-0.3207554893018646,-1.4920821809411327,0.6542222927725633,0.3468586201595186,-1.5660125984535735,-0.2539114573709304,0,177.20291962786095
1.0142277861717046,-0.10921396341761135,0.17944439073926016,343.9451106168455,0.21371051857409923,-0.022193819654592894,0.2619757918722318,2.758035067540912,-1.1521933583871928,2.13889036088382,1,191.8315904758146
0.32176254049069025,0.49934933160802025,0.25738386700080085,389.4331273580621,1.2180133303350054,-1.2065217430587198,0.8809751104517103,-1.032789665062958,0.9981487222768153,0.6838595255937395,1,166.1139072903626
0.4012739347627819,0.1773997305710939,0.21632789613064982,435.5169796984651,0.553495567938335,-0.3032798782235527,-0.10412424406737673,-0.02463175504618486,0.48524025637970575,0.8801570111863732,1,218.12293783529321
0.206309077615702,-1.402797379319845,0.2442038124317875,293.01151463288886,0.6297929235605644,1.3697035823028183,0.1989035417817562,2.4102902657456693,0.9467618973109008,0.5492054113436826,1,139.02127061198482
0.08408959323179566,0.14523982365373708,0.30748734869195593,386.1684110850225,-1.09839430916654,0.9306527243609815,0.33032945378985595,-0.959591652373395,-1.0970101196400739,1.3070716990765174,0,235.39910440767346
0.4935031825333328,0.6489825528926982,0.21620778782998473,397.3031383322709,0.05289457390429639,-1.8489544948719332,1.1422360890245897,0.34931352515932074,0.023782750266963488,0.34228232065116454,0,201.7091632098012
0.4423117342429915,-1.1087199194509831,0.21665151907830327,322.71483492926325,-0.660497489009787,-1.2384879823065964,-0.8541599887454654,0.12104944257774641,-0.4702913764508638,-1.2821235663112145,1,178.28146429850892
4.448997835782692,0.17490185383897658,0.07465046077643513,452.35413775849423,0.1931550653493757,1.8267729100165402,-1.4862372751649864,-0.47621137143565934,0.1756304461637626,0.1327768177015541,0,176.55792922607267
0.6903863644422039,-0.5061178620990461,0.23255392120373275,331.34315402101976,1.6006292446552093,-1.5710816100333707,0.8689498796781401,-0.07229208009034543,1.876880461594055,0.32418414132788875,1,210.12389042918366
0.6506090936671801,0.5444311787798168,0.20642760717004002,490.0445084190132,0.4093307038163925,-0.8058360105491746,0.7663593187727791,0.5678277452041098,0.12194423994107219,-0.6550959418634479,1,235.30393221687493
3.28909154899186,0.08436883999577699,0.1807081642798033,391.1904206607344,-0.343567231889915,-1.7781639629152042,0.08669614500860896,0.26988387874851083,-0.2650865161847402,1.6377955421547294,1,250.8694900565544
0.9529485011948708,-0.08323727419919758,0.1921151694998715,382.8719367967859,-1.1024660243587554,0.7831100089218352,-0.8158335221954612,-0.3467323201107311,-0.8706960896393219,1.3543625766789842,1,209.78588960362197
0.11756278632436305,-1.7328527847823776,0.23934753486063423,305.9355443325465,-0.12571347407861463,-1.119683991051743,0.4789304012672378,-0.4497506731891713,-1.2621368235329047,-0.10846868403009763,0,239.70362373706737
0.8439056915491819,-0.628827344151637,0.23509512976357094,316.03301829029834,-1.5593447182316875,0.3618509542028847,0.4905002790972011,-0.20045894404333964,-1.221281400642587,0.2573230202759432,1,205.96788526056258
0.17568177243958794,0.13061788460892745,0.21084823194520222,408.07578460330114,-0.24715143382150606,-1.0954881904061375,1.7403036680008335,-2.150292201980313,-0.19785918881822215,-1.3330205357625922,1,186.8002159157877
0.44704448996846186,-0.5717691690789405,0.2104650490904803,387.34913210144714,0.9845635179190904,-0.105513563720169,-0.809364499319151,0.5753196384224406,0.2039822292030398,-0.9285727712656323,1,218.29583204622705
0.33799367785198814,-0.45655898898003483,0.21245709384675895,439.78515055279115,-0.5372946023758557,-1.0685708039197008,0.5978831236061528,0.5316759970156265,0.7416687703130868,0.9504387846268526,0,197.68433282901228
1.6026362759953385,-0.2198602102158811,0.1866293990999395,325.270505125474,0.6845546535085447,-0.263544644314174,-0.5201558495735031,-0.8422397859049179,-1.5972260287573732,0.5839826311893624,0,202.1611342905101
0.8453077246528256,0.005825598324650132,0.1783740337381681,455.6562076072329,-1.34176902692851,0.8518214984783514,-0.4758170192398364,1.662199061050608,-0.8645990637472502,-0.07397556471344895,0,193.8816766273796
1.2425936231879589,0.061627605383266226,0.2023098400751764,372.4274473738068,-0.35112676512979524,1.301168818743536,0.22250530131731633,0.0802194664305435,0.12684827514399036,-1.1555088829040308,0,196.9220543087491
0.6302593615610729,0.10192385383930536,0.2159754326933361,391.23132567595786,2.2619809957106094,-0.3548049983164861,-1.8746168783156687,1.143535715426405,-1.7728139133453025,2.444910617418475,1,212.98999279251262
0.45860326608334284,-0.6592352941169967,0.21229803441508222,315.52630231716336,-0.49914722691885466,0.3475517366361613,-1.4772667222032672,-1.5679183293300658,0.9414874981513922,-0.6310884418343087,0,208.27286429282748
0.24056465112546369,1.3572173441558113,0.17157145181086245,505.97751348004226,-1.471052599981844,0.3467424541790346,0.540063742623711,-0.09492366291954231,-0.019831665807338722,0.6084713966457115,1,245.08881744729683
2.595149096647788,0.009424920310358853,0.19463248316250437,393.4322656487919,-0.5992316648767886,-0.7188818288788676,0.651327575306284,0.05660960476878665,0.8949520649816731,-0.3209179983579943,0,181.39390153379415
0.4004333484382914,-0.7803238566999635,0.2191060512210955,319.1780663783296,1.408380317337434,0.6206829599223395,-0.4855716867567664,-1.2951902818826606,0.508959418273253,0.8432965554938339,0,221.31684080646846
0.38545744120290737,0.7055573331000232,0.2370222825589616,541.4890270428848,1.0184233732141308,-1.568426346730448,-0.5733445081402047,0.05286603317797063,0.19001265630114514,-1.1035855104996561,0,191.8911193405516
0.9581367540213385,-0.26465876587824466,0.22136248627913757,365.35154050968765,1.2571955844118599,1.0263443469258189,0.5128926911859782,0.5884681062321444,0.2592064110090546,1.0120356935040098,1,219.30614991983742
0.8943186957629077,0.004270942472572648,0.209680010724204,459.8917576253209,1.0428160470086003,0.07203043425925629,-0.025087653882704036,-1.9342769158830697,0.768135710623667,-1.2983765040649868,0,185.36602262892484
1.5271668961229652,-0.14057130220061256,0.2081758167866743,363.69827773068505,-0.43193339577843215,0.43381812785567964,0.6312473788075391,-0.8050944030364511,-0.5015900972769944,-0.19124125350107232,0,191.40064100449706
0.8058618551396423,0.21749906261232346,0.20783726136656028,496.9831198518902,2.1857407573025247,0.1822486894591051,-1.0705969964581674,2.150032658482604,-0.30107359806947076,0.2837880499577486,0,180.21569481050113
0.6014464254965881,-0.05054293776405119,0.20257924917715864,435.9715319365369,0.09571137870657322,-0.7088417008893187,-1.281073941858255,-0.18558456746568372,1.1868591225759466,0.7565342290036999,0,203.88626474839967
1.7280103843751302,0.43429098904284985,0.1472384899012133,462.9141587516178,0.41795673043295384,-1.0731865214627587,-0.4571600385886932,1.5292777811982696,0.16804960511795222,-0.43145773136436927,0,182.4261813385852
0.846920621992965,0.7072039747511624,0.1973417675810004,490.5020866443031,0.6461886226529147,0.49521944544967234,0.14582381455804275,-0.8633144717476854,0.40108493036531717,-1.0106862177216003,0,183.54201898453957
0.3262349070672588,-0.06760671299369926,0.2176318565530559,426.95651581698803,0.8724358423372616,-0.7341820534482525,0.38781309597363933,-0.39316851376109446,-0.1659932281352025,-0.8025664301320363,1,204.35982226723613
0.2948761476661976,-0.7057184839272714,0.2389880019765787,321.0529980191111,0.5256129977920526,-1.3732008735881744,-1.9097852324880351,-0.865808728699945,-1.4875047351097819,0.06453498527005741,1,154.93437676386228
0.23488977066975678,-0.19836443250363994,0.21892950780758352,435.32488916986364,1.2638967069545533,-0.14473315017129743,0.5723253999710789,0.09548869753558921,0.4015493356239639,0.4448404653594855,0,205.8127230779374
0.12562521131736423,-0.4707111633366955,0.29352156838497867,361.5806278220667,0.2860476652245341,0.7483936478297063,-0.35306651816545176,0.5338882358224238,-1.507761043739461,-0.884429940652869,1,143.03338146387148
0.26823965539333666,-0.6815173817280507,0.2174077343608004,332.84003434318464,1.597475178886718,0.5612879149646097,-0.6370725934463782,0.34954368390416624,-0.2748628857592708,0.35175091157688243,1,168.56621732590133
0.6517173218491655,0.4324373807667716,0.22901707351858494,366.842651835725,0.7415125456637464,1.1185646358828112,-0.9654097576635132,0.4899831810239735,2.3504320446845686,-1.9277822091385408,0,194.4920603736113
0.3874831429089121,0.269334405500174,0.2391523944720717,449.9926956312416,1.6391969575021446,1.646764874408756,0.3686201796200715,0.28181356132929203,-0.6891290143103485,-1.3174333534306644,1,193.34959014781649
1.276683512299148,-0.33191787259581895,0.26653286790219194,385.4488665998114,-1.2617844980071589,0.008582409880493956,0.77494168017521,0.5180758018387138,0.18595730991194392,0.5667863320874474,0,181.6988324797411
0.29747815147655204,-0.4592878685280189,0.21475661529487067,405.060897852708,0.5723988168743023,-1.411808696784033,0.8970051884005332,-1.3351615537250356,0.26237048171141486,-1.1164217113668475,0,204.63689594417525
0.3724377671305321,0.015262423789189523,0.21125418115195974,385.5278587959225,-0.2885195850815279,-0.672293651243139,1.5354936991664454,0.2266209499733007,0.7328589940242743,-0.9260703350188536,1,202.24928720342862
0.8460912755222836,-0.788871339765814,0.20279512333816896,299.1295122537316,-0.07955545626617408,1.082052562133134,0.38389185976500956,-0.513782303318685,0.45262482686017547,0.7670444978967814,1,178.66992588059097
2.8608248745801563,-0.08196378489720586,0.2503277017497771,391.7810687323582,1.0807138238798148,-1.177599387512611,-0.9695281678199563,0.06524538332045571,-0.22154266380887366,1.061749845175659,0,176.6972509829636
0.33707740031899064,-0.18272367606612114,0.22293195072846758,427.025188392476,0.004585936743586668,0.38508824306139144,0.6153035364913844,-2.418950821624475,0.2730977710847168,0.3490073499979054,0,204.00604074896054
0.20677339574158138,0.5962820198024557,0.21320737361788095,410.2801473504492,-1.8903331382732511,-1.251920163702071,0.3810127785741377,-0.042539811591426606,1.0406849816453438,0.1766038859819769,0,209.65017405243918
0.576487490198106,0.7800683975632843,0.2189183079774861,409.24018301088125,-1.1051923509004857,-0.8677000570694395,0.8159632851654736,0.5169042603904905,1.819105788827915,-2.0820240422767293,1,224.1674513431722
1.3117833377194572,-0.056863897004621196,0.2121596058707452,392.39274175102304,-2.743332499537324,-1.6995134001313077,0.1498688371827032,-0.9040773528540994,0.7855617994920777,0.34235433307266394,0,187.63293980720783
1.092599277190461,0.09981046014529579,0.245189577100763,414.99388932574936,-0.24824933793071977,0.40967963200325525,0.9867942869514427,0.6297880975068707,-0.2557039058433178,0.9051833559870168,1,247.16323913268738
0.6541743855364645,0.5949994760588884,0.21551848218667516,426.0902170244865,-0.04619948724805694,-2.0036927898837895,-0.26771673397525214,-0.43027843065386046,-2.2853841676001236,0.5957239127084918,0,190.5857269592839
0.4513335095979339,-0.14061038129800993,0.21869891616620063,399.96595340133945,-0.3133949169659817,-0.8715379710158003,0.11303480770654283,0.23330583233869545,-0.5717405077618355,-1.095142546122556,0,205.90219074251542
0.20403014616680223,0.43925174938138595,0.25760803783669894,386.5200417318021,0.12102214201509234,-1.1060706568577428,0.8226510337835701,0.22628574232901047,0.35680038857675667,-2.1227152657364114,1,166.29832038601236
0.15449820754176058,-0.7133307586231586,0.21785747449969614,376.1519115609493,-0.3358256637467558,0.02415855739995371,-0.3096534729695891,0.72760929609155,0.9430713220148779,1.8745285392680047,1,168.13453032326134
0.4765589976520401,0.09842352766080294,0.21328789135814238,419.3110013334485,0.8639454086011211,0.5145025829258009,0.3353426918375426,-1.30715893512743,-0.6956594047313004,0.730885577202592,1,233.9898669081957
0.8061802644528486,0.6004613741775957,0.22870234366633718,498.41460370263417,-0.1268021356009479,-1.094628198759933,-0.8538042802731615,1.7541650208042185,1.2318711528545316,1.0909996576184393,1,262.5445886591312
1.098941100680983,0.16231652274910285,0.2512554175704367,417.7296871465043,2.437603500916604,0.25264575006370027,-0.9894267430565103,0.6110478855265262,0.3073227773332173,-0.31842230835995616,1,251.68162831784088
0.44634078798336213,0.49094923116704503,0.22192301958160818,354.817767481907,-1.0611811381910687,-0.5253204746816541,-0.9060962080304161,-0.08285481235549455,-0.3402165101432396,2.1285847930571595,0,216.78993688511486
0.17906067621360794,-0.07475620390769637,0.3167019928356161,383.9170721728512,-0.34049861876167453,-0.3132112578841132,0.2177125250177271,-1.703856243747659,-0.6074537454575679,-0.03136634954444426,1,149.1435778614512
0.4911371547541662,0.5698494569095247,0.21689909722809228,400.4652181139487,0.30487593521189665,0.6838391194474703,0.22429736703150566,-1.8025166171831783,-0.7535904728332051,1.1742748708348707,0,207.93632952157972
0.4079389117258642,0.4888341590993118,0.21082716243512858,519.5867061458451,-0.752104425858699,0.2527639945501469,-0.21493330812673705,-0.667523666558354,0.26192335028167474,1.2029516830192037,0,181.08540673552315
0.5243503567705778,-0.2667222372841529,0.21626526121794776,341.28043787189597,-0.43988007787255745,0.016282993229250656,-0.024456079018383117,0.7069195056584529,-0.6444261279171508,0.9319148486988053,0,209.400554377827
1.3809516334175733,-0.1306931155022197,0.127293549114799,448.39701120596,0.18596549635227455,-0.7998204561018084,0.3872235420829166,-0.36087388329943343,-0.8930334914560474,1.6046943168705812,0,195.93081690780176
0.09063302686609558,0.2227054041556927,0.3011622335752802,471.1016329335796,-0.6951343011034414,0.6086083896016501,1.5545806155648778,2.3605536658374144,-1.6974052344031643,-0.8374829359686591,1,172.5814611596449
0.4631061842627532,0.10222775632214676,0.2117368949202504,460.1319881269259,-1.1533093889738009,-1.459250153958699,0.0007889153343987394,0.646221194274987,-0.4542158696502594,0.036648640885771744,1,246.5688830997909
0.46710706674710945,0.41037723629420736,0.21522594174551912,409.3836205163624,-0.5739985808973174,0.23727582142812415,-0.3698037799039811,0.4571927662997216,-2.8753506929329267,-0.6322403912199985,0,196.10033837393937
0.06396660708481287,-0.10210875634055497,0.36360763280759634,410.543988654679,1.157985330707942,0.16205682936497767,-0.5925275061000523,0.9104622005855174,2.617044121971742,0.9147456300987504,1,137.67169559891008
0.3949595027900193,-0.7379985143460865,0.21706222407056264,299.48450064021074,0.00534483856641585,0.14766996957587322,0.14428051630956518,1.678944163013974,1.0537488238984076,0.5163970875665689,1,163.77520796759887
0.3420060441014512,-0.9754973660872627,0.19806634016591393,339.7017846802467,-0.05222253053641295,-0.40873874300515745,1.9373270327482792,-0.6255484517248626,2.0243195612722427,-0.240344329889097,0,209.69454520904114
0.7554659702162372,-0.14332526392107608,0.2108809784429329,341.71891538312053,0.2587780960327365,1.9266346317912926,1.9148769347490977,-0.2046136817757636,0.254846570505889,0.32228355015265747,1,196.76073994658168
0.17861589218795987,-0.746771720469084,0.23832270921021226,464.1504038070008,-0.3212970702884196,1.1859674826235507,0.030115230210570894,0.2830049550568174,2.014745386319095,0.48664445017661,0,206.55208293849407
1.4695992484853304,-0.05598669640265803,0.21731240761027346,396.97695450126264,0.29218818708926253,-1.0198271611801193,-0.6475084440031905,-1.9016763605504663,1.4544877830049303,0.40421941988970106,0,184.66675306136622
0.13577523623239104,1.2376965451589137,0.22598311869024426,438.5412527131919,-0.7473711136189876,0.46045820223550327,-0.2196547416546428,-1.24695692278724,0.5510404531409779,-0.7037667480300713,1,184.67651295827915
0.405024893414174,0.18324908469440532,0.20931237969319383,428.6106084109238,-0.40678354518302096,0.9296212818981571,-1.5498402805718354,-1.3946374655305014,-0.47653101844782797,-1.0915385150215111,0,191.37834506365112
0.4089210258060945,0.736740880261235,0.21216495979858443,357.04379722998755,-0.6734599494062848,-0.4725921365169905,3.4537147437114193,-1.7311544447782987,-0.10414716403295711,-0.7373952122485576,0,209.26596845112175
0.17318999744625427,0.6391095024668091,0.22588713601086294,368.51949332300865,0.9261153047151499,-0.014066388918740248,-0.34635919779466023,0.3449162034846179,0.33082319813707084,-0.5418975034303456,0,221.03823618731428
0.37908136029746803,-1.2022875001663473,0.20570827624533236,341.46603892229876,-0.29869941149470924,-0.3356170042453427,1.2076710107104476,0.5423506445430776,0.40443648539157195,1.4978093371311703,1,194.09731360946608
1.321789687419538,-0.2748188838552806,0.2670305768528597,362.9156802987434,0.3869565717638147,0.4902327318054392,0.006365334609442749,0.575687714952104,-1.045789062386913,1.727581461973819,0,184.43836338063622
0.14221496963083113,0.2808255240200814,0.2036119827767553,437.8021566954777,0.32210135976982385,1.0863188913094088,-0.5937227708596181,1.4046231024086437,0.1831209055366816,-1.0368316060664222,1,191.1842049575281
0.9024112219691347,-0.08901103287430297,0.2112120386359122,341.0371439332947,-0.7527107781373733,2.1336586618170315,-0.2502699096308905,1.0994316020451915,-0.345388450158961,1.854593467693216,0,201.97809193768595
0.7895095898396041,0.4365441179769356,0.251023293273053,381.5097892168189,0.5124052451069055,-0.976370957115351,-2.1357913910910713,1.3438058677768625,0.9445599689541341,0.004459673192632151,1,238.32391304612295
0.7441432542559466,-0.5826657783818291,0.21239978554984013,282.8309301697238,-0.7994632235526364,2.0004168741070876,0.4275965634359789,1.0400374092725537,0.3485513820739787,0.1597508553056798,0,218.80866126762643
0.42421561591100093,0.8966402217720455,0.21323532582313676,478.82467422304285,-1.3871613017283748,-0.6191188579878136,-1.4912153930596983,0.00040292260922691745,0.6100834022819243,1.01289079587659,1,236.57262081388237
1.0099755244503363,0.4472612511265685,0.1974878324589904,459.50959962922127,-0.16850935949989154,-1.599477222803211,-1.142251105122992,2.234279799660499,0.015717642187094528,0.816644068741287,1,239.50984673888823
0.1228719922794562,-0.4274328630126314,0.16485653489955682,435.4981008499494,-0.7291779158910868,-0.7511785471544357,-0.9061937185351735,0.8831907843791033,-2.313712419832169,-1.6933499983856304,1,196.5434297203418
1.3212586613185047,0.14774077096883043,0.2343580866147985,464.72780665548174,-0.037739835239677236,-0.7361053240779867,-2.2233137037751334,-0.34300489438326476,0.337758493455619,0.24729111075868923,1,263.16852951776366
0.12227234434187985,1.1643365191837103,0.36831215978363624,446.4635486208493,-1.3848345820924177,-0.5961051012401367,-0.7709821743040783,-0.8923833772479443,0.025658722642362613,1.4838917828385554,1,157.01668537968618
0.873949602173717,0.7120206365205579,0.2138435626049295,419.48467125865494,-0.3765570109677306,-0.5186211080945311,1.2421302836661707,1.8840848970813413,0.03725494747780065,0.7366472034199653,0,188.973879679799
0.29888418683437157,0.2690105134854837,0.2036928179850279,387.3279227911667,-0.05405127243323936,1.1452512935676595,0.1349992088921265,-1.1057039872625734,0.5800587340261717,-0.6081903402248612,0,205.59415673387673
1.6400581280865143,0.22303638541581766,0.22930619052967618,482.31482350973937,0.24743376317969495,0.9626944377882998,0.49111677579433644,1.1110436361439746,-0.6523759341402456,1.0126621253952146,0,168.11252578601
0.8231289986183608,-0.5782719301086047,0.20121098961545528,326.11696517790097,1.3007230672461083,-2.0313330845731574,-0.8335849758004049,1.00757782160771,-1.409226193995639,1.0957317481581466,0,211.70316026502076
0.09668555102735865,-0.010855130400749298,0.2370702422410135,433.00303260459543,0.038305192078673424,-1.0865780102617095,-0.38485056997782036,-0.2091318529634298,-0.6449084160538255,-0.039339925501704905,1,171.32091512077594
0.25298921449089523,1.018871946057119,0.24985212440414553,512.941297210135,0.4016103349018666,-1.5170109101264284,-0.5837664666418756,-1.1892949583749648,0.8551147338622451,1.0331192478859796,1,212.503954123796
1.2522483153743682,-0.17345254994934045,0.22022601821555507,370.63099131080236,0.9274834948348892,0.7642893239240418,1.0310947770777936,-0.6478168970334555,-0.8713910870947327,0.7898341876109316,0,191.17855580882406
0.6563902399027032,-0.1704947084632162,0.21749598444370205,358.8891091636641,0.7486149719299471,1.255519886936313,-0.6088558731765684,0.5545493956047616,1.4229103835592547,0.8621083104844482,1,204.01231338315316
3.8019029595637477,0.09270249920384648,0.3442655629619358,462.2483518124451,1.4075369258853814,0.8122969540674125,0.49430691478865085,-0.31337787131386,-0.7943481486024166,1.4290729494664531,0,153.38445344991152
0.759092867540614,0.15875010740118017,0.20992283759978508,333.01025591919745,-1.7875674844204597,-0.5604138387237008,-0.04549605603726054,-0.939449617485996,-0.19435747474916162,-0.10167055492980599,0,206.5370882568974
0.5052174607566692,-0.36264043776763527,0.21426596808623008,400.4326934872437,-1.2864374404197185,0.7003299175411302,-0.07281472150223606,-0.44810449278117886,-0.530626222342038,0.35079085437288116,1,155.77063839539778
0.40368993719876894,0.006121942724081513,0.20425175193041464,354.01776930413365,1.0388744580051752,-1.9709868049985237,-2.5435190498136557,0.4141613402527795,0.32569577139535677,-1.6196172013678554,0,203.95697600841083
1.7137505885425963,0.23732539642843445,0.21485292338174475,450.55972128882036,-0.052167585340489715,-0.6381492096199574,-1.1655691648953563,1.6805569994641052,0.8140526584196265,-0.5969736243909123,1,260.1360038150196
1.1659312472690335,-0.15550575523390922,0.2008880539150947,397.0381708784333,1.2205268783743757,-0.5088648943268131,-0.07498957550600814,-1.0578716331676754,0.24586814714998015,0.20727465435396278,1,225.71439232903901
2.6438680973067292,0.06029767043194801,0.18940958108090497,416.5566048823875,0.13037795697486232,-0.9011021605594592,-0.6877160915088629,-0.45882799975490896,-1.2924045575227605,1.9501319176661878,0,176.84083086643489
0.4669069292360709,-0.0830101822548862,0.21470459391330432,371.9286991373027,0.0833985474800476,-0.5282431906039248,-1.4198981261072574,0.8458299514107174,-1.0753997416805066,0.16702192019173887,1,206.12881465686706
0.18313282182861423,0.3469579833025265,0.19683196593116775,493.03922657183284,1.0673743871009265,0.4249379385879859,0.5587742489806249,1.2087289406717296,1.9283454652739445,1.8287519910346204,1,219.34395393139022
0.1438223225117357,0.025179605770699113,0.23483825980754625,471.82204876845344,0.523049045956491,0.05286550792759608,-0.3175616397075392,0.07898063534403876,-1.382085787406282,1.374648921344151,0,209.98526981409017
0.4489535038434862,0.4649242561049662,0.213682877818487,482.14335446663,1.0145714037338442,-2.221507566019539,0.9254496363981967,-0.6132210369367281,-1.0134089110043534,0.10766339268146087,0,184.87547760586438
0.32620426094112526,-0.22711198641104818,0.20789385537202404,420.97318525021956,-0.4157600292557704,1.2602600659771237,-1.3490332897295296,0.12656477850495101,1.0467713200850235,-1.5617102138353804,1,210.72033074096888
0.4730565308487136,-0.34814641996074935,0.21810611818183753,350.3551019834508,-1.2323168839103595,2.3545568689265854,-0.49074320004942956,-0.2260985045953377,0.18895746658351542,-0.43932753546615994,1,177.86742375646114
0.3035287662608516,-0.9961283851155528,0.21489902822479567,377.0828830323834,1.697896929895997,1.6675391532842132,-1.8342173448616006,-1.9857376641014113,0.31649463045346393,-0.3260380351828956,0,211.06058539502038
0.3141266800621429,0.47877720744198093,0.20860884291306353,476.03996091186394,-0.6299125587885918,-0.06030200159583395,-2.4093503210587337,-0.9182565972480797,2.296867550191705,0.5271094504625826,0,191.07746732185248
0.12299672349625271,-0.6946843191119626,0.2124298231444275,404.8715092414509,-1.5627072653483836,-1.3852191504158988,1.420805646128533,-1.024340457635266,1.7810414237372953,-0.3015741159551556,1,174.42053268864854
0.6683574901527579,0.317613723312536,0.21309597289104595,408.48877290429255,-0.34796785237238276,-0.7701108338942964,-0.36548225268937723,0.09175311437665332,2.300267491605975,1.0496371977038592,0,197.97871585500104
0.7852078645261611,-0.21403088645022295,0.22580033918498987,405.07667606729376,-1.0719736312627297,0.18659213666383762,1.0568584047336202,0.7024936522400403,0.7196869934126027,0.42273921728846253,0,188.60797138985484
1.4559561384163502,-0.4027281535713178,0.25227461621076075,335.46714142995336,-0.7859533657253083,1.303447203728568,-0.23851065748500627,-0.8016482655967558,-1.109714912892095,-0.8868252684016832,0,191.8501575045316
1.0820759079469953,-0.20097549137488488,0.21367833076949805,444.40178093868826,-1.4823409381034722,-0.5196880083978367,-0.40903383743081556,2.1387895104203003,-0.19399995580736512,0.542086554068094,1,243.65707958616466
1.1207086749047392,-0.22703137919782795,0.22101122297646106,363.41365022873816,-0.7937882973925616,-2.209532970654341,-0.11976515673065238,0.3669742336308816,-1.1620982938633835,-1.041281683287673,0,195.82587237290514
5.569827516485726,-0.0815883831916079,0.23380413830423266,334.45671998387274,-0.9448610021739887,-0.18046981355797592,0.4741946717385206,-1.273268564260124,-0.7994086150220812,-0.11998781847117634,1,254.92942276170598
0.18228927088828914,0.1616935559376094,0.23605139025292618,463.4041321621656,-0.6270704505254916,-0.7330212821985789,0.49636712168433544,-0.856382336741031,-0.3756142330975606,0.17447772710826406,1,197.11903892632972
1.363927719524877,0.1901401458896203,0.1972842894473242,491.0316289326562,-1.4174581961791985,0.7014701290985326,-0.2400503822356052,0.4553054385486973,2.2806265307359626,-0.1123955853406083,1,258.92276683902327
0.7074815050430948,0.09110935078244764,0.23092402784580016,376.3950638424217,1.7294244998359185,-0.4766052869908848,1.9179289787660863,0.20834557726483663,-1.097320469925678,-0.2778640513058654,0,192.19587230621008
0.37404284172751406,0.015095636012717779,0.23687810488073904,434.1992999501441,-0.610927610815537,-0.18830936716281244,-0.4400136331113502,-1.4801681580978374,0.26967053583874995,1.1455246538177286,1,191.5266151211027
1.444455071716812,-0.5545116145216878,0.21693599093568003,371.63027391012196,-0.8522064870171796,1.239248402798295,0.596840783301563,0.1467858455339349,-1.0838467306540391,-0.37022164376286204,0,190.662989387139
0.25404661368508324,-0.029291680529822454,0.18834221550284547,385.76978805157034,-0.0564277981637432,1.005860777711578,-0.4593056237342165,-0.7221052057874814,-0.6516373868382168,0.2584975325377538,1,199.96903387267974
0.345892389522071,0.6476271789292721,0.2014583028039529,513.297409833204,0.49680751886612495,-1.0063931503886836,-1.630253940696411,-0.30743006099012893,0.2341197897843916,-0.8617028730818465,0,181.05714186876648
2.4987809368669884,-0.06112023890454985,0.22917526092384446,404.25832311823103,0.4273336638166087,0.27094222053585343,-1.1619297781479276,-0.1790802349513253,-1.3444496259863359,-0.027989191462762138,0,175.0507463382104
3.1663683049077447,-0.14184953610912596,0.23872177078060622,347.46313425972676,-1.5899102284708218,0.9101324968337542,-1.1245068191823844,-0.12800007771416577,-0.6292822264026187,0.2917646687150737,0,182.74806751119567
2.6155616004124735,-0.02712192784146479,0.4223743415885549,425.8453231446008,-2.009841676972299,-1.6795582408077374,0.8134978891028616,-1.073325198232227,-1.9626503655904153,0.01117789792367223,0,156.91004941231043
5.164069106948915,-0.05078061522041804,0.1714759363229825,335.3800229220487,-2.064241211978447,0.035608626051902084,0.4890884590796955,-1.4432208602243743,0.8064364169125329,0.966576760037725,0,183.62510236059867
1.190239873850864,0.0719354166220974,0.17337734766515936,372.1616636068179,-0.6766892374449078,-0.8988011774944932,-0.9129090867463584,-0.8955157260140377,0.25402264259175533,0.5427862372696832,0,200.72875690554915
0.19722457746562438,-1.1077957209192477,0.13876429830724996,362.3587524647939,-1.153898813715587,-0.8964346072042696,0.5254086106937843,-0.504107193684836,1.8604554427038846,-1.8810054382730015,1,202.16087756891275
0.14922514540390797,0.20424580467756429,0.21799418838264853,403.2995091030225,0.3577109458675628,1.416826787625315,1.4991461068682101,-0.644305741495176,0.7438433576542168,0.11531849204921714,1,178.4302519037044
1.2078073662240816,0.2653697170804613,0.19188773764560046,393.33872692660645,0.40146092422692126,0.9993542702938658,0.7069765924927097,-0.8443272344682147,2.300018227856062,0.03325341249244569,0,193.53961919377198
0.42252599602059665,1.136208139284255,0.221202669485726,506.45512004673617,-0.38970697815059974,-1.6916682313995568,-0.3826743356063859,-0.768594523743004,-0.19570186833951458,-0.44798187256474004,1,230.25050455491143
0.810238186917956,-0.5240592302422206,0.21981248500810124,389.44159680897695,0.8009945157748806,0.3122760446220321,-0.6206491047371072,-1.6874183766442519,-0.22871397628991347,0.8069947081235361,1,222.23460144671387
3.4138546043040265,0.12047442866301734,0.27787218720729123,376.9979686693335,-0.7214825600640309,1.334829867577746,-1.7491377093580447,0.4346648340545511,-0.5575947315077856,0.32427577292852583,0,174.50442512311668
0.24390481821315488,0.4672192651054585,0.14253264720298758,402.04897213548657,0.5792364516828398,-0.7768545814992494,0.700664655172756,1.0633979396960658,1.4548047365195294,0.09158726766877497,1,229.15911172622575
1.3599805302476016,-0.1821231744622934,0.2343092814479972,408.46628730475555,1.3222199290085122,-0.6493269059225921,0.7699119961593234,3.1525282013640674,-1.3624582774355172,0.09700986088099164,1,246.41459425782847
0.1793851521469721,0.140952030245197,0.22879235411091936,464.7306413060137,-0.37296392956500735,1.4728404501173733,0.46936881321061213,0.12888906373441442,-0.44665987330219664,0.015511010949690865,1,199.20687627497517
1.418840593457855,-0.08551218958986972,0.1651482871626535,342.77753149064637,0.08925262592388178,-0.21711884725260786,-0.2698758964813306,-2.2556416069119494,-0.847794500294115,1.2936888768283181,0,203.75813625119474
1.574708934126859,0.10708797454883798,0.23267172309832493,455.49342379455277,0.31289353811576587,0.867790175384112,-0.25638981012931444,-1.35796804061438,-0.11593295116608732,-1.30862920845348,0,173.9777352495997
0.32317362508466674,-1.6351321864330586,0.21421055078598916,326.3166746481904,2.01600549252363,0.31686963033988885,0.6154943719759104,0.30585408718419593,-2.515076836108097,1.3029556224511702,0,216.23919520563973
0.3434030262414065,-0.5957187012294732,0.21410886294747242,375.92802438668014,-0.7723319103958438,-0.22132962976230386,-1.276114863189296,1.2495505306654737,-0.1225840685472944,1.2593343086140414,1,194.25494092792007
0.47330345416213315,-0.278636239348001,0.21348873306931998,397.00491879784107,0.23862164041887457,-2.2010606904608134,-0.3121589453337935,-0.308722568994307,0.11024566402372811,-0.016173548364990624,0,193.86264707864444
0.31599151186108915,-0.17694136375889566,0.22202181252169556,360.2296021187165,-0.9825139799284984,0.44684110522174486,0.23424665110396425,-1.2061553897100976,-0.8185972720098016,-0.606927490367488,0,214.79722216472612
0.1580141474094745,-0.15535829200821272,0.2514591111932136,377.03224839666296,-1.572223393290414,-1.7352919489287806,0.24825611691792612,1.194754277722122,1.2621586258802193,-0.11095755189056544,1,162.06314862815225
0.10125303429449672,0.6479410616020546,0.2071937083737893,480.3778888444176,0.7499050081977802,0.42304919329213475,1.9319606127034405,2.7109130684492015,0.1432000743091037,-0.6367315247507702,0,207.46025197968697
0.48388826978875865,-0.6537122770519733,0.2170740232007189,316.5801027632346,0.5108556358576675,-1.7092597613812708,0.7741227804283133,1.024960443541317,-0.8092511313139188,1.2522023930383344,1,168.57269502161478
4.682706959565644,-0.018946958714092046,0.1623467410469655,322.17799099548824,-1.140043309339794,-2.3230549907351774,0.11930161898572965,-2.953180705740435,-0.6806895972216065,1.4842171735996288,0,187.3096059860768
0.5805594411664932,-0.001443879064328636,0.2114563363134341,406.4109538847612,0.6635040892124423,-2.3063883928018702,-0.917869756808001,-0.6898350372074448,-0.0035695996537549084,-0.0030019946018776996,0,202.07589291135062
0.26690418969888885,-0.46998811484448405,0.1708677378050621,338.83558871016146,1.703307384384601,-0.21560005080928268,0.1841327778057424,0.41561813479777204,0.06012545303216654,0.11670333920204348,0,205.8321748322621
0.41305160695985427,-0.49139451436285597,0.19946845627644655,358.38104146611784,0.04838011165158567,-0.6115089467907584,0.36682745968583813,1.9755002304235125,0.899060623710154,1.075390254508886,0,196.4058021019672
0.3013962866351094,-0.7735445559480562,0.24430127876735108,335.93007161870526,-1.3682835526539008,0.9031743345853631,0.3668515754867105,-1.156620702197987,-1.1908753685585427,-0.5270698266548024,0,226.01691077136888
0.3478545622942305,-0.15465962891402438,0.23357814311279562,410.0325788377438,-0.8245876935012709,0.08847122996130412,-2.449221251493583,-2.0251703150938707,-0.17410186549047538,0.7258047372779944,0,210.2634817453203
2.2060248542205336,-0.014052908450954044,0.14348304567083206,383.3281071673754,-0.7943815134921567,1.225661223968629,0.26319853177356123,-1.0941310104148223,0.04416966422396994,0.5362948489310966,0,191.24151210168347
0.29697221907703525,-0.07946891473886789,0.20183482603927916,381.3332165346648,1.1097685414986604,-0.7974167791991295,-0.4389927225127793,0.811288858005244,-1.5387184403039638,-0.5050500649696957,1,199.3545574065934
0.4600740550613337,0.06922687971102026,0.21752008615261959,369.5822174600046,-1.5891305934834892,0.24338873454921015,-1.6451543264709785,-0.6152820351276027,-1.1243171300727988,2.5562972898579384,0,208.35179711203736
4.901963692665513,0.08552362984104989,0.14326765840842876,461.0219822572423,1.5438860351663346,-0.4396233232994417,-1.6239630384693229,-1.9160140304630426,-0.4935909213001142,-1.4176010206070766,0,165.29467217066153
0.18685454404189678,-0.781336919999256,0.21649286115101127,348.15818363260877,-0.24817955741431708,1.6685273964060028,-0.2701925848913972,-0.6277097938293421,-2.0806204945752684,0.8976301599476493,1,165.2312177256711
1.0548533760532557,-0.041706693039308594,0.2555597126426961,382.7302393194629,0.12066249320135009,-2.123827938576017,-0.6159794650578034,0.5389706306723122,-0.19432973709428147,-1.2735150889645406,0,184.3757833582971
0.3335971473686528,-0.2803488012130184,0.17913980586768988,410.06469585629446,-0.2764422323707315,0.4031053456358188,-0.40313570769978796,-0.7873180806420476,-0.07103509752383548,1.4645519343199482,1,231.55398315514904
2.447312557545677,0.3722626843469158,0.2738740035503894,465.79091537753874,-1.1386468711634823,0.5804994084674365,0.7883282757225855,0.05593916358557244,1.1332454925143702,-0.43727318010908073,0,161.9600684335165
0.48884306166955127,-0.2220194733954776,0.21543938405113383,383.551909024673,1.0166202406397722,-0.7762620100862337,-1.3662289112087833,-1.2716806566109289,0.46211252681418,0.13349997340932251,0,198.0064973792337
0.4038469710034799,-0.4658607611151695,0.2241436408606628,322.3156925604076,-3.664665554406274,-0.7506700883317445,-0.5022627037357367,0.25139124548933456,-0.1830717015273192,0.010309849745802267,1,162.83948578890758
0.5771063636266377,0.0808934975589015,0.21769236350195997,418.12993980525994,-0.19913530616742345,-1.4204748875407223,0.48690362222974476,-0.1623208501049339,-0.5238541228748226,1.245699270041759,0,193.8292428650497
1.8419537158564632,0.19500262777953725,0.2788450547709682,460.0959905040799,-0.011136278711192198,-0.09143977814953376,1.4490028964932888,-1.318991140340871,0.2818702298167404,-0.4194702369468747,0,165.28641369783531
1.0844381584218454,-0.3289558648768768,0.2098910218458612,395.27984945828865,-0.3934560889381476,-0.3178588168076746,-0.5425375037371382,-0.21011748565319785,1.2298107595830405,0.3624418080273685,1,226.56845813556666
3.1326238406878772,-0.0177216342084345,0.2795158672797692,398.43573553269516,-0.3234413270958462,1.298675597994555,1.6983317248181093,1.0654578677910778,0.47642337482313946,1.809270188334897,0,170.1668132638804
0.4581951923717648,1.002542170941332,0.22208298785140024,434.6921634272644,-0.09459446530029224,-0.02664773896646021,1.418508763316616,0.2050928410394772,0.29293256020105995,-0.7656114237982921,0,206.92138004701815
0.26614674763086993,0.8752277876519617,0.2707353752254016,458.11224451115237,1.109981829823698,-0.466777351964088,0.1745999518856065,0.8475813547319482,-0.05157360134522085,0.9361528033483073,1,185.67381238547955
0.9469679822051498,-0.4677333026069837,0.22788313710737085,341.84817834367556,-1.086745564069842,0.36430716764937343,-1.251601582460607,-0.16871338519666557,0.6370762445259405,-0.41983126512341223,0,197.6934693901663
1.5474063346947737,0.24297302927800302,0.1488582804690919,427.10682318158257,-0.9894047573612541,-0.5023683214721867,0.08963179842303261,-0.03420775644605646,0.5828764406617346,0.8314956383243842,0,192.3545070536138
0.2158886522080883,0.2161362931490707,0.2087796093889712,391.4329587627281,0.3978080002863185,-0.7124011500280613,-1.4203759811398258,-0.25156249070563147,-1.8429088911202918,-0.4340931095967517,1,186.72316889598656
0.4486013757013864,0.600799388389283,0.21550984162751394,400.6770789955205,0.39220381914121283,1.0594981775663233,0.03529663035335585,1.318348945620928,1.0103213318006095,1.4632246909267457,1,208.6082073356898
1.0191933340930437,-0.23869975947322922,0.18815421617074152,378.4308149902601,-0.9882050163359076,1.0423686422420237,0.4505225141687298,-0.2558558370183902,0.9467503134742435,-0.26834892835604734,0,199.67697720275578
0.30546426605704147,0.6711119328872955,0.2015185413308074,389.05842192631667,-1.3833191913028071,1.6603473564104443,1.1146151874093722,0.4612142985399943,0.8947279290916806,-0.1724927913127638,1,202.5656222234551
0.28718019394474076,0.45646095651651153,0.26941340264291935,524.0157854089448,0.3049606628212351,2.191725952878496,-0.46061688733293554,-0.732409063501061,-0.2567963092006723,0.10716332908835674,0,204.43923047989588
0.19474170585389192,0.25057881134743915,0.19751474796798632,459.42026811959414,1.497020033187425,-0.933216479324468,-0.5829275462921767,0.88079565759489,0.03689459126613758,-0.9694894849681376,0,199.04627369941952
6.818999646975319,0.07807850568200718,0.23510162889881697,413.80989408169484,-1.2658113198334104,1.5137710172634882,1.0955300123574567,-1.1569833889145933,-0.21217040685647218,1.4579853652298738,0,160.39229737234336
0.2000333499058166,-0.3496766676934397,0.21583838304701175,489.8989375579153,-0.8370403518135157,-1.9354083879974224,-0.7956651589080059,1.1538309759058516,-0.04362862024029947,-0.9949135539421801,0,198.49762796612688
1.7166161305429235,-0.1013522452178765,0.2464374140886209,296.480079961801,0.3543212435016515,-0.6130814198840304,-1.2172771087260128,0.2678402716109022,0.9583626469039734,-0.5676941024812403,1,211.76856059835552
0.04511953868895063,-0.05045707605064507,0.24102190476169902,328.4784859581425,0.1657900552646606,0.867515785956985,0.6860681691599697,-0.3590807413718511,2.3033132019525446,-0.7277328099824779,1,116.44161696458302
0.4236369014990916,-0.8471963124065581,0.2255699799769008,376.8068125312844,0.4331267378004645,-1.3156860998082245,0.14801420056838488,-0.44276464414198174,1.4143791112393622,-0.8590228997771,1,179.74545514255334
0.2266996046187879,0.8068771800746627,0.20197660500061426,460.18678417553525,3.4822532397691797,-1.0358686209057688,-1.0549012172129235,-1.3556760329561093,-0.8415025246765903,0.1078872414579879,1,213.71205496471094
0.13128571204045095,1.4854585488271728,0.21665228910557152,487.65512074843497,0.3951861688904405,-0.9000548238953219,-0.39927586103230733,-0.3577106109596362,0.09199372922758198,-1.2170243144857835,1,201.86371654438267
0.21814092971379595,-0.019218610676733708,0.22957748905931563,421.06200627530234,-0.036447620581304616,1.8310174097033978,-0.828860413040286,-0.9802375232949757,1.2300912905729093,0.21974468239833586,0,210.45648020725417
0.3094962349723895,0.2931854239487448,0.2307764929221615,462.4882882807083,0.3671978470180292,0.9277429078597056,-0.6417929332576483,0.4766947962277221,-0.3657181078305355,-1.1928543366351352,1,206.54708832995675
0.4283185575375757,1.169291967898106,0.20820336524387684,481.25794208638837,1.7219106554916717,-0.2181629771473596,-0.9379382260027517,-0.5999593100791959,0.5391711500888646,-0.33957733150011105,0,182.8305985526539
1.1764177591453935,0.2500074011382947,0.24736434778316374,389.37656370338027,-0.9478199601992995,1.3040356181658233,0.6204227824273523,-0.11841908822783175,0.9339324135171184,0.03404020221132711,0,185.55688375555528
0.7345233865548307,-0.43481756760604856,0.24489329687227507,405.6898535220473,0.12768450853319532,1.3324215217950406,-1.8845499266716055,0.7205251091329647,-1.9699442354617216,2.2257545696671888,0,182.915195160798
0.12805347304213166,0.785784263749319,0.4264032705646373,396.20835305026134,1.1472440648208873,-1.3571798415921443,-1.3007432376604218,0.5150012808953242,-0.5892762391775761,0.5509069882419102,1,131.91484667653663
2.3328858229833283,-0.15850010334420106,0.1434244703161915,338.4831324216671,-1.8430054025043334,0.4787365361059344,0.32925834811509325,-1.7879088822053906,-1.1234864127201047,-0.009040973297843388,0,197.00189194253122
0.5168922949319805,0.18158184257803234,0.21649263574884015,404.3459555576373,-0.29149570048236223,0.8977128057445801,-0.5338250486009409,1.147934863344547,0.060316005603835814,0.24264034561479259,1,216.57154686159188
3.830847128176691,0.03632120321766361,0.1900766954249808,433.36633444839407,0.15736791904146794,-0.07504296798434222,0.1504828549741193,1.2611807585139763,-0.5827421357925813,-0.45225139920246604,0,170.49207047404815
1.192187674460076,0.4748306157219901,0.22751275327937925,441.151007678035,0.4649933265256712,0.059063065359426965,-0.648813389815052,0.1767295295091693,-0.9694875132041467,0.8727859910408098,1,250.37346318097826
0.14719158189545284,-1.0490923593267676,0.24699036568400312,330.80022679411707,1.135860993000208,0.7030774608661136,-0.4455031160028545,1.1307609444909583,0.7343533138994655,1.2630901927533142,0,233.49738318983583
1.5506168900482358,0.15703495928906006,0.19847346769693966,364.29356420691806,-1.3739435473922537,-1.2367063683689135,0.29362702369885013,-0.823105051714028,0.2859120669493529,1.546176628960702,0,195.0449052808712
0.255886961822382,0.3083086629341201,0.2143642137096453,390.3877846525924,0.3581154088001434,-0.5093878039551609,0.4663275553798667,0.8739751448167596,0.23928531270747705,-0.28684646074608877,1,190.14337251517443
0.8859505478294838,0.452884482178747,0.23186978074751521,531.92504366478,-0.23347232100562326,-0.05906668712219877,0.3285572914223877,-0.3800147526571119,0.5696886070916287,0.4054552292192213,0,167.52751474332766
2.105947734122331,-0.24390859699444317,0.309314579092707,457.63541547693643,-1.0808868088232535,0.21651560696054203,-0.021150108955999992,1.6605685369695913,-0.4577643939817709,-0.6147961562921016,0,161.55389661820038
0.1960445739887988,-0.41530942945173305,0.24303917136458292,407.1544146123468,1.0924914391111298,-2.56512561491467,0.4931295954160997,0.38017491326961195,-0.9661864196952944,-1.1343532679928732,0,215.78337660117467
0.2384202329303921,-0.1355944226772801,0.19122269416737558,395.98505471441587,0.2570049837548611,1.5936486237898464,0.1654934693541783,0.6393186372813593,0.9760718127735752,0.8650559600436944,1,199.64997745785547
0.9263476754702474,0.500337261504741,0.23142216153643763,455.93979937144076,-0.005231535329509446,0.027573047403244816,0.832797983088428,0.6393669386281404,2.0353573187346816,0.39788491477052884,1,255.70778627538522
0.9911129422800297,-0.28826866761480274,0.22429192676715934,288.87926996474494,1.8804961603939612,-1.956976320075131,0.7364167736062694,1.1641846735526693,-1.1890043136070714,0.9637688788621911,1,190.33683147305644
0.5951970583333841,-0.18617046036323234,0.21144534023163097,375.8815242568226,1.7273733219661733,-1.1291392571908494,-0.31849388936412715,0.9586003247618557,1.3702849631571479,1.541327487516506,0,205.11518318828092
10.524947270729484,0.030765228178825273,0.5538211971158417,409.9023672397585,-1.1345904243001423,-0.380956109642352,-0.3720369026470121,0.8561920123380856,-0.19378999773184297,-0.42473547792779054,0,145.00701462166822
0.4597063479010148,0.030521703306882468,0.21960690939485877,431.80477337613115,1.0265405672333276,-1.4546346589044068,0.42197678582611947,-0.28516974331484746,0.19322971336944061,-0.7013500047044634,0,203.2120661341428
0.5329917512272074,0.13418543004772374,0.21423712698158986,408.33026367955244,-0.210783884037417,-0.7612124143253786,0.1375662016937585,0.7103077540164474,0.5787541868324655,0.5720820700821571,0,204.3567488451595
0.4588402626788419,0.29744525785105735,0.21029330356315878,373.48845649174405,0.02904785776658261,1.5307614038283535,-1.31169391882039,-0.502265343033687,-0.9182129876028206,-0.6673382290354203,0,194.61509269627385
2.094647384407276,-0.16133879464825407,0.24498923760970004,351.6116907368286,1.3698021282035568,0.020868594820267185,0.4012321791384652,0.010731587634228351,-0.35495475653524156,0.7016709418248002,0,185.94898843671876
0.3495846127561068,0.0841098034610227,0.21246015135651464,442.4319186484877,1.5891897996513564,1.2847265609270204,-0.5913761366395062,0.49976272933402616,2.2416216832827685,-0.4514968638044616,1,218.402362787468
0.4698907694439125,-0.38544449266494557,0.21299648077142957,323.97895944655926,1.2008848199077862,-0.6896397188542583,-1.0210943838227051,0.16744661497354457,0.5468896597785362,-0.09272336874684432,1,195.93678005690447
0.21304082362358348,0.2741664162451651,0.20465962689618436,440.9708329656763,-0.25587222920040753,0.19510401341799202,-1.821992110241132,-0.4474006656895136,-0.7306989305642326,0.06640822956101156,1,202.1042220641255
0.1830757761467104,1.0428967182916398,0.24255828849097916,522.4248277882037,1.585522559277469,1.1882300886638957,0.4651498592201473,1.4729765721219459,-0.19006674637706106,0.31232374266075824,0,198.0018885075038
0.24365588704895166,-0.11357075957207008,0.20478143167903726,359.4841694769657,0.6386259602037686,0.18099844334601758,-0.6958536791418956,0.4300782547883629,-1.8985822101549747,-1.1701951092704324,1,180.5637815568352
2.1179331231595735,-0.09104741890220439,0.1898066133019255,412.7835092220063,0.33264450842849824,1.2435888673462614,1.3696141774068809,0.11436842327142559,0.8544468094469507,0.8667204105484044,0,180.43588406927637
0.44210573992261404,-0.1581292114977295,0.21281813409529043,348.41470374129864,1.0461684406388805,0.3349222030084682,0.5456770980683431,1.5167673415952305,0.36035923276039084,1.6109372536779751,1,196.64432121507363
0.1439339353642792,0.31174426100030267,0.19761172301148264,322.4279872360171,0.06651162343260517,-0.6426652113650995,1.0951515744435663,0.7340731453794572,-0.8886622480598276,0.11466946341450673,1,153.10034801617684
0.4307076522016834,0.862579294020057,0.2209909768547163,588.7470778623946,-0.680420270248623,-2.1396405392584836,0.00020491151147034435,0.5376008455158868,0.59176243616949,-0.4185822003343073,1,254.20540406512083
0.5305628302684906,0.7367650285546177,0.21590170606176734,488.42070900470367,0.048813835005467786,-0.19017116311789675,0.8717277356483357,1.0725569281989924,-0.45625453394280363,-0.7305335232093475,1,239.5561703630063
0.598516018101138,0.044417489418881115,0.21975435663580561,334.2039307937153,0.44926801775758557,-1.0739175506021363,0.3466544164532374,-0.821331056904656,-1.4939158430197532,1.8465909280903958,0,207.20035754687962
0.7670747357146317,-0.13657602318045442,0.20801625882171393,471.2128370267448,1.2515057653960402,-0.5063709858710767,1.6317573307750193,0.27415865105617543,0.16917034251159022,0.16932875740449607,0,185.8028126807948
2.6521801691520692,-0.025442748438897784,0.2737484764163946,356.6639547781923,-0.6716447145495189,-0.21851613775776896,-0.8669686742574775,-0.723005386214487,0.9346587815380457,0.6112115037906727,0,180.38156436322143
0.09227058834702354,0.5078819600401324,0.14519794475813277,431.22110807721907,-1.2813120731104604,1.7224443901192175,0.4547126615039469,-0.41164495878332524,0.23372303196233782,0.7782563134441616,1,190.46738230355496
0.40662251365407837,0.12667150086881337,0.2182329667562566,415.2691080966776,1.2345489105266145,1.4910509987094587,-0.8418791013717378,0.15766633532441396,-0.3619360842881433,-1.1910605850836016,1,204.90079506220346
0.3519146058289097,-0.3872322599242226,0.2417769861608639,340.64645314107804,1.3532921336829902,-1.2970615058777448,-0.6741321590166213,-0.48722982565590506,-0.11406448304368315,1.0807034281096008,0,225.81323522966485
1.4243725509551042,-0.22291539926067216,0.1573264213168116,362.49371422802136,0.5593054978757783,-0.3569430785435288,0.21905195753770482,-1.7200823705083141,-0.6830465840407356,1.060455805604496,0,202.69338629599525
4.0721682909303665,0.2561253277819761,0.12429019451773143,555.443351750255,-1.6929976225618792,0.230819467762447,-1.465372701608036,0.17685030239144445,-1.0389047729694294,0.6719458080945494,0,154.00576182977738
0.5143015285332517,0.9772018791887691,0.21462065686381362,577.3278952294904,0.9201002929141519,0.09389555513599414,-1.063749836247477,-0.0031249640413887627,-2.703575838139115,0.27154658282958405,0,179.15038612664316
0.30269762427282926,0.3512682016870765,0.2459582733913022,383.124632843532,0.28292322182332746,-0.8537922843065531,-1.679616492337912,1.583228302086388,0.29058162750559346,3.307039476316379,0,219.97955143247773
0.23091578445925456,0.25802949299792044,0.27829063559609163,454.55330330977387,0.9917655157098156,0.5984767599962997,-0.15358039859969375,-0.7710977704876154,1.4004504808646767,-0.5399044116369603,0,212.69978045937086
0.30745738821510776,0.06883482660569089,0.20185110714756133,405.0539542784812,-0.6582050821051327,-0.21287067760745065,2.045756971039094,-0.4406888456531067,0.40319152692303195,0.07253955545257507,0,199.14743431597736
1.9574037099927453,0.056839701407645854,0.16317239223798524,456.54021265363724,-0.23733591699629106,-0.13141396935646169,-0.034319187196774445,1.140296066755725,0.8816792477374605,0.7757403138044261,0,179.2851946984102
0.16738082351235753,-0.3803024951841354,0.21630507642117405,389.72524698006174,1.3755415900705716,-1.7133200094138579,1.445164390058717,-0.33135513259124505,-1.0832421862869845,1.629927938270309,1,176.61144242897578
0.3000500834459909,0.07095855060948236,0.24455005895128346,357.74171167645005,-0.017137091585556624,-0.7814235492150461,1.0465660749439074,-0.08899527885879092,-1.4741939635582653,0.22916188906342486,1,162.6286453563297
0.3692892858858773,0.009655573546968974,0.22939663226603613,361.4025329684173,-0.24807969866317822,-0.45988726704720634,-0.3174680463871496,0.2570917467304292,-0.04712800470724279,0.7999925455050463,1,175.7482673304464
0.23655231735233317,-1.0979699834566508,0.1793505559064616,348.5429710720693,0.6953312253241662,0.9077095064631194,0.4554051252959329,-0.6698503991294561,0.5280670388110131,0.2962974645397813,0,213.37819764718017
0.48682657619730657,-0.14027884345229488,0.2162010609257178,338.8980472470759,-0.04667712820905485,-1.0061410946869358,1.0617510117356923,-0.7247183837838594,-0.696450124474903,-1.2162163653153408,1,185.0348735699956
0.5367673823078785,0.4146400115701415,0.20627201601837034,401.3145129584727,1.4165813123381208,-1.021539873141118,1.4614795996528473,-1.7820319497246047,-1.9606050299340558,0.9007355218262246,0,220.2849438408653
0.21125306415042222,-0.6480020114972934,0.23691214716795286,378.71776859072594,-0.25725825889772774,0.05665022737446458,-0.236577156018749,-0.32959074910112274,-0.6268197606431802,0.32692415975947564,1,171.8721474270015
0.20001220466305447,-1.182266249422763,0.2670090420346105,332.3710539910005,0.3876952631632485,-0.2923867287743027,-0.0019423958690150604,-1.4453506874917872,-0.2342410819085237,-0.17045100280435613,0,232.76277350888154
0.08644698699779063,2.082664114721332,0.17090185730911417,518.2819466054417,-0.8049754731020401,-0.14368861102328406,0.06872628718664218,2.5554598543899703,1.1471175492665155,-0.19168282231063455,1,209.67241419686647
1.2952658707562639,-0.43865532162771603,0.19341176290457804,327.21633724933884,0.2822247108432093,-0.9035580006627387,-0.12371419207872547,-1.094446256389046,-0.24783639347633554,0.4883665772479116,0,203.3219162119002
0.12850665161079805,0.048280720776940685,0.22498946951912904,410.32204763880367,-1.1391108605432716,-0.6792721409258872,0.2194588360218853,-0.8221880218759771,1.1774914631398141,0.37113300511378955,0,218.53887662569218
0.6730537460822206,-0.2529673164129616,0.21687292981092754,386.385562906754,1.9581886893337117,0.5440163819237807,-1.1774672049675545,-1.7111035165155157,0.4022290553808361,0.8195567623547394,0,199.61341012183962
3.1088586694183475,0.26343379456156646,0.1928350286975848,540.0481760525362,0.5071100537063723,-0.5813848300457007,1.9096922038602215,0.8329313950332813,-0.7947137344321671,-1.1034704120555519,0,153.89311388193514
0.3927688158624085,0.0836436722137818,0.19965073377261175,440.8497381334165,-0.1049100479347921,1.154393990019737,-0.016035856768117602,-1.8046567392912194,-0.15890168636787438,0.7759451065519974,1,240.46672576375744
1.0997413495469437,-0.10490416062540052,0.21414745037345104,403.9006953696199,-0.14744043244239263,1.3284059200757845,0.13854879143269555,0.06963489107502363,-0.4194746102202903,0.1412123435428344,0,189.46764359894743
1.468594972171439,0.12514799713683236,0.19574873907003845,397.2355883518442,-1.2101303146598745,1.2312635760136317,-0.21045988464682458,-0.897861879746854,0.6019056484862816,-1.6987523321032285,0,189.00170264291634
0.12985433135565447,-0.57027065748327,0.3111169030589334,356.15279318483914,-0.019665824591018406,2.5467578065747114,-1.134062619382692,-0.25489863014892183,0.9698925345425239,-1.2517006071466583,1,138.9080675235814
0.3179853538848428,-0.17090498751391267,0.24172188163638703,430.66158745408467,-2.0261633394364167,0.1844495889251014,-0.648501864439306,0.67630745871764,-1.5032672560565787,0.7781435370785801,1,189.39880208721854
1.6331140631438519,-0.2731891840662393,0.2144590009325522,340.3783573409736,-0.8760775682578806,-0.6647803006935987,-0.29852018615748366,0.08581202867904726,0.5481923965400934,0.16616314380055666,0,193.79025068260475
1.3540439685328747,-0.3527487923783477,0.2837568923544642,300.0618134678909,0.1323550348927055,-0.5482939021815307,-0.9101457834075006,2.2837221083654415,1.3421630411232937,-2.0118487396479594,0,195.6095157761259
0.26971130187581727,0.037136628008435875,0.19514403817177625,420.47443452003,-0.06451844995540393,-1.2696038331747275,-2.057181392785376,-1.9923944737101476,2.108417608798543,-0.1306894199962813,1,212.34150027434742
0.1583500040895742,-1.0946421246530793,0.16883140385283926,408.2769222455855,0.7743560633925829,0.962084110036549,-1.0427615289414844,2.207555784436315,-0.8382592678497522,1.7301922019377383,0,205.96958623071683
2.1659530145975974,0.08669749518562196,0.1987284346834756,349.68796235119606,1.2002852014314818,-1.4396687502710503,0.10838387300118803,0.9041475689161094,0.5083956993886546,1.2320889909233428,0,190.71644484208107
0.18692978177817976,-0.1587520186350623,0.22892185939892937,417.8125931545518,0.13446415130818765,-2.2738812411190827,0.014067128868463195,-0.3102360773264847,3.106270462645245,-0.006000260003920353,0,213.8372419724708
0.11835042434734529,0.1977033485544365,0.2827507121731652,399.08217165786385,1.2857372096236424,0.688388600873518,-1.0410264233819104,-1.4491801718614234,-0.4058748310510026,-0.575540748655755,1,158.2134233598316
0.16360344797358733,0.5357917568736942,0.24382330945240843,473.31521035903916,0.846906072784659,1.293111817346852,0.7244735678415197,-0.6440221075536052,-1.3344503401106556,-0.567935306899202,1,194.44373017070322
0.5381348207381509,-0.3534693049990142,0.21391400576458797,287.5972368138883,0.43347599089673144,-0.03234230586383959,-0.16426577935896075,0.8194403489671036,-0.026951296378022984,0.8732006981358343,0,224.48238226640362
1.395975415364808,0.2346618345225461,0.19034814061494465,426.1483315798531,0.5208682523528625,-0.3055692692931707,0.41318382016682265,1.281974049019999,-0.8589605846840516,-0.4916134262061357,0,185.5980816912678
0.29754394605525764,-0.17819759222324405,0.21191657860255048,380.86907437434587,-1.2985041109000424,0.06066302896269322,1.265383525649154,-0.8800212061372683,0.8410412586654237,-0.16995054221395878,1,189.8418045002578
1.4842516312853429,0.547994780928955,0.20619875865052886,548.7885029090985,-0.8786066176436179,1.1170201377003868,-0.8190774090941793,0.692585527992839,-1.5730306455322796,-0.6914247510680769,0,163.5353424340776
2.444413878650128,0.14903630932940232,0.3661160197095069,427.9252604302894,-0.3066237689363923,-0.2481908295563617,0.04130646271935283,-0.2388769075641251,-0.3650660017390187,-0.3599752440293528,1,288.7249261550388
1.2633115165378765,0.2221277242032079,0.19788282083331302,409.43961154656665,0.05156236423612376,-1.578541223824172,-0.7127039347888002,-1.0401269373785869,-1.2727485073977036,-0.3684255193542951,1,232.76029997285323
0.6538286496184625,0.9673997621596059,0.19468434677347124,521.5501548201665,0.4532159286584936,-1.750521358897002,0.12603473185562153,0.5088397828603731,0.5102476808590999,-1.4291699697005393,1,231.25362323327468
0.2726278677099872,1.3507992287763952,0.19520028266525477,443.44545563033506,-2.4217860931934316,0.8223130265436939,-2.236203203212727,-0.39812633292818955,-0.6480497700284977,1.0115068639984264,1,218.84750364679027
0.3312931711803256,-0.6146133491420427,0.21108786960477655,376.04137531269475,-2.8119441704450354,0.1832489536755965,-0.6734936450292413,-0.4449816523972425,0.3789447050335581,0.6575314093474742,1,193.73935654061984
0.450017739039482,-0.45522035702645514,0.21475085124866802,400.597748395938,-0.6569180510228844,-1.6914302565744939,0.6692116563179623,-0.21609878763474838,-1.5356494770064806,0.2596880146723305,0,200.2027277647408
3.5029664487138477,0.04832594269768391,0.3986576824117134,409.6409015710589,1.8056135730169778,-1.221110078064755,2.039313252492142,0.441929617186787,-1.3267923547759841,0.599072982822035,0,161.47014008486275
0.3579957444289335,-0.10767421574607845,0.22502758691061417,459.12089110589943,-0.43654815459500607,1.5841234059223464,-0.11624401032110777,-1.0197091921505166,-1.2907450252445651,1.3739565185153713,0,198.75403180922677
0.23906959223157595,0.3780580548154297,0.20286321513982172,377.0048453497891,0.6286271784788763,0.7965209022803346,1.091029062381242,-1.1708080772637666,-0.17645570026983856,1.1093622294576169,0,210.7656667017881
0.9509079790615074,0.021504880569792866,0.20788734052992972,399.7791117204411,-0.5486414396893642,0.1437419516865526,0.6287554811093153,0.3045632420878965,-1.2628590797303967,-0.5974424064399572,0,194.72157299617027
0.46117024396010536,-0.29432930976925353,0.21438699016897605,383.2017462901961,-0.11631276872751714,0.6859583374142116,-0.7753676126781441,1.356993419636916,-0.5285048265642466,-0.9133250114527262,0,198.87667831149747
0.643397356686323,-1.0152891726258169,0.22431252884416442,328.4335553849876,-0.4760979444484538,0.5267857247040215,1.06742048917606,-1.6289099530666165,0.3245633339785231,0.5527177451092219,0,205.00751301353958
0.31912944133088644,-0.24104814679598172,0.20296533613298734,372.71531399979364,0.17987385010753015,-0.28579580267373544,0.06374824163103034,0.25424732567971065,-0.3688124700949268,-0.8490405124724242,1,197.35343879639927
0.8527075814181639,-0.15589393457962444,0.1924399209487811,355.5806328754366,-0.8857564250206748,-0.5977451201254794,-1.8330331952913623,0.5136104592024321,0.5789101052607378,0.7133394037152117,1,194.47109786881157
0.7042452547077106,0.34296882631874653,0.21114828922217796,466.6939912956915,0.006779385098692961,-1.002944234379927,-1.363319390022433,0.793427352258388,-0.3442444120243646,0.06474564178740845,0,183.68574996813757
3.9239091284284213,0.017145027686520424,0.3495083880508453,386.12818099668783,-0.283664357283111,-1.2600658300499292,-0.08514440426299885,0.23680668884768288,0.1703868168684486,0.20409527569380412,0,165.837110497247
0.14107002288885503,1.032728194808637,0.23161830946574224,418.6222043792237,-1.0977510734113816,-0.1971694422727797,-0.3057497503124227,0.7846386876569243,0.9599276163347342,0.27891829691548525,0,214.9325215502505
1.1784333529592925,0.22124542198262323,0.15430265709410593,423.99000674605315,-1.50616641230603,2.019448068075686,-0.5110437986050561,2.138822247584788,0.970530166259574,-0.47885758770545095,1,214.9791706743874
0.3008375636903547,-0.7002495317131605,0.1885051389880508,332.07628183460196,-1.6879626242833563,-0.2380985308841413,-1.403096034035891,1.1602212802658383,-0.9089212298410942,-2.0762083025574967,1,192.8034255201938
0.2181125695770094,0.13732245969920384,0.26760829503383143,373.87809437774666,-1.0968273050810724,1.262837273678796,-0.2777469491441361,0.6739481670371327,-0.3454316571839107,-0.04342264686687868,1,159.3685450688248
1.5009718694644245,0.5220769292507823,0.14039961974088194,514.4060759483818,-0.508467264157712,0.13237897424746095,-0.38184494783388606,1.2178226673585137,-1.289514856334124,-1.835601142790033,0,178.2215820683337
0.37432281038727305,-0.024113250629149117,0.216544460125399,423.83332977823216,0.2673916791975158,0.35472288061948587,-0.8366510405307283,0.05541824413569149,-0.37060177983221576,-1.1906791894459785,1,209.20344005056364
0.7468570761294719,-0.12804407676821156,0.22027757770998418,385.04558814803653,-0.06176567298726065,1.0059014157885386,-1.673640770223064,0.8964822489219837,-0.4204262164714816,0.874029558495109,0,195.3256557912108
0.3442659721638513,1.0944991540824427,0.20793101755456056,500.6309163478718,-1.0465417888030275,-1.8440072466533082,-0.26032770780666226,-0.07688472067672429,2.261354852295512,-0.37616917557054647,1,239.975393056635
0.310489842638201,1.7165383374658958,0.22163107098532983,499.8162665308892,0.5677998911996325,-0.8122583740056134,0.8520836706315809,2.5345099554661767,-0.22615793853691493,-0.4320816864151887,1,225.5356554750088
0.9546501020412623,-0.11663967307497755,0.21930199917845564,300.7022277183639,-0.1732658923884211,-0.5805892964118766,1.1411517031349128,0.019400212795022166,1.546656588675879,-2.859403168916908,1,194.29214027345213
0.49210664468820897,-0.124157902310541,0.21614859664842603,455.018485838994,0.5266950488922897,0.4757916107303929,-0.4261987533864762,1.0151400270256539,0.08034427188575669,-1.2621500398134877,0,192.3259171870155
2.1914190362343495,0.07189045927627885,0.2958569287192497,463.4485372538627,0.16770648250803968,0.12089788465998101,1.167171126443335,0.5008054470739364,-0.9626796048799034,1.7781255404573406,0,163.09444363015683
0.2671396500999488,-0.877680300723996,0.21443289703080798,282.0049433108959,-0.5574357431356014,2.200376743342963,-0.38507071326593967,-1.577058292438271,0.3793575421369292,0.508378905446995,0,230.75521510622957
0.46495580570863276,-0.21127157544261524,0.21574527572927643,362.46159970878324,-0.6799245141384214,0.057507759850216104,-0.0687536874807885,0.8751662262790963,1.3428762982119982,0.09235968507120683,0,206.72717207814222
0.22601785111149206,-1.1202035835147892,0.19829414572492426,358.04032852232217,-0.38071959386355275,-0.5249352489684678,-0.687974525507218,-0.11182818699526036,0.06638585684608227,1.0970676863232145,0,214.615923887859
0.2648066626503893,-0.3366593964119517,0.2691558427132982,357.4412436382034,-0.3422997102647389,-0.09285070973314048,-0.2954762807230894,0.31697968522104564,1.129144230564221,-0.22564011878220208,0,228.26977315174653
0.785443685028482,-0.7757318090792005,0.21835053255021677,399.65444553823573,1.5305060331683937,-0.45288180544525203,-1.5994225597780276,-0.6256161307221938,-1.955573713240122,-0.9845657114642518,1,223.84391027148618
2.7932149999000475,-0.0007391712370160887,0.3344915489052047,386.1121677992671,-0.8120367430478084,0.21877416866466914,-0.9336056967263195,-0.029443946099399144,-0.9949020081182202,0.17011250884173126,0,171.21410655820418
0.05651004045238677,0.8920339822437023,0.13040722114073008,422.6477414987168,-0.9434236862835697,-0.6921490659011527,-0.24453254845816103,0.10310856174902706,-0.3809029470411108,0.681271300989234,0,217.4897209501875
0.25766780323126415,-0.02959560328468048,0.18987589199867194,423.48127168219037,-2.7020438779086824,0.5722345131184788,-1.2101852731916094,1.3322153733958655,2.024010000642375,-0.29826825618615604,0,197.83317512395462
1.965149534515287,0.23700524272173304,0.20204221481920856,412.8651384152014,0.19031779425832623,-0.023033139191753035,-0.2742652190716751,-0.6456881088890244,1.2954177695460702,0.9359635112187606,0,180.21687864167032
0.13828781116752228,0.2892959035690334,0.15856366656857807,390.30832617621786,-1.0058765593928738,1.416839113139443,-0.7558578776553353,-0.690359298219416,0.6129756637724425,0.6802263479199698,1,187.74299786982
0.06808032627260178,1.5642595906607368,0.25238056739949816,445.08650426410327,-0.8985976583386055,-0.5024745961973863,1.0060365160214224,-0.10805190566956947,-1.3769800122904834,-0.5411230249825275,1,164.2609066985453
0.35272727024601414,0.37124341759261403,0.1962371352509541,410.8728583273347,0.8321004858842874,-2.1486248148497777,0.9044944478586806,0.6236795523438617,0.14609389758615135,-1.36163284949779,0,194.151705605643
0.2218675312264319,-0.579345421701912,0.19161311559875496,337.79744094374644,0.025795628812620604,0.05416261296295316,-0.348394672914599,1.2121928689324655,0.9845784437078023,1.3807901244709413,1,176.0872565398965
0.24498702681211673,0.7661450532464138,0.23425772603969697,397.01904521561625,0.1640707283591184,1.5351352103822717,-2.139623737875094,-0.5393014479826409,0.39030759179190533,0.040706378537974514,0,215.21760189925206
0.4016549807672962,-0.5546161666239879,0.20682972204841552,334.31827305754365,-2.003682098314378,-1.5505269935073223,0.47664052885589525,1.190225856415357,-0.32632415206587595,0.573460857686438,1,194.39677409521917
1.2924955431335756,-0.5471233757135661,0.22802022824954898,308.31418464708844,-1.060981662686417,1.273304976351173,-1.6078052798046196,1.0023464948715959,-0.33277505275905617,-1.2849976005070913,0,201.48034360436367
1.5837235886378567,0.35509246745918,0.19651538941059132,545.0230934617347,0.044222429343596006,0.4562903269748406,-0.6471435063436279,1.5022385835933745,-1.1650033937640496,-0.958550915739348,0,164.5210233266751
3.1444550301451777,0.10152794214825178,0.21898377486269502,577.9351612899093,-0.8132478291126415,-1.2826981042958956,-1.3703607907277717,0.2884787699577848,-2.396858324338388,-0.968895411339054,0,147.39097382432064
0.5241756544657502,0.3273157564622134,0.21720471391504406,414.90528570118096,-0.5256988052100497,-0.07988008500341093,0.30931662724569553,-0.5817065581843174,0.8276678907634183,-0.39542219214790336,1,225.50099772605435
0.6393043049529286,0.10189360779943984,0.2197406184748713,373.0774445926094,0.5732823262361005,-0.609433426616238,-2.2196090084575477,-0.7503497210700955,-1.2762549782265287,-0.1254095108287635,1,213.38324603980888
0.0553155578783864,1.52349894717843,0.17933975607403782,499.4008449704332,0.07378179951638357,-0.6469902015027817,-1.0516154121143217,-1.1503390405829415,-0.4429046881873334,0.5913328689760404,1,186.57103875689734
1.2766044280669142,0.08521095429679693,0.21151717146815222,444.77050325797813,-0.6867382898852803,-0.43849868862254165,-0.6077130654251414,0.40996368509665704,0.28759171809008316,0.1227116146615063,0,181.26713851139942
0.9108562437429202,-0.07734162419811114,0.18750712759878052,457.7028948757816,1.324028399336798,1.036219305757041,0.3354481937241859,0.5672523301921117,0.6791522584089686,0.6360844725841309,1,229.14246160097753
1.8617070281824077,-0.19607850741263538,0.15858796909262543,365.70354559439915,-0.382494063364997,-0.8264409516826151,-0.04134981838558717,0.2574330203277425,-1.13224293592098,0.8217084473911849,0,195.316412530047
0.3239283186353093,-1.2448313192919547,0.1971272549755127,322.7916846005336,0.5598460755891184,-1.5191299143089727,-0.4009532270727046,0.5237316957605552,-0.775331384959116,0.2155534343053847,1,183.5446639891881
0.8970776472919989,-0.3742467738928979,0.21070161506935448,391.11212967713846,-0.859488682611078,0.06760592030747178,0.013255100285031603,-0.4229896473639531,-0.06842582276190627,-0.29682369877844395,1,220.58270447138744
1.3642523706546053,0.21249083162470753,0.1664621570636464,425.4451112064223,-2.161478720982661,-0.3497299687170737,0.16164814676327247,-0.19363808984653402,1.7055650857275362,-0.12662533451818653,0,189.21410427829937
0.33422445348106533,0.22865121414602635,0.2119288056405199,500.3879694973474,-0.5296507238302597,0.5821832762933269,-0.39870383865941506,0.2639855797151091,-0.696911571215723,1.920051966229823,1,235.25045302949962
0.08706950457147797,-0.04283928604685401,0.25358755913451897,468.13087033797296,1.8790601091529224,-0.70553572349956,0.7477648651745977,0.845975117964075,-0.7813988514626448,-1.7871066717332758,0,216.4016123646731
2.1845925897572473,0.6066135874727854,0.17598182240239338,530.2820145956374,0.5975263931844448,-0.4775826560328552,0.4551645250121596,0.8398674994749173,-0.03886008025885219,0.5672068014446604,0,163.45116372387272
0.23245539162872736,-0.1267984331214848,0.28394144530448173,413.7934382324277,0.3979316716138805,0.8179312256063085,0.69612769515673,-1.511443862845227,-0.4936158279505603,1.4374849874634335,1,169.1505107689576
2.167525920412448,0.029643929958573772,0.313589355573865,344.4427191030508,-0.7986393918444317,1.2742276672345043,-0.27530747056977256,0.834600897922527,-1.2284870999598267,-1.4500005747447144,1,248.6696373338786
0.0931083254869029,0.7570698818702022,0.3098989052903185,443.72788044285585,0.5845964357901926,-0.5719829671614747,1.0468501905785073,-1.2518484692153815,0.5172735292451297,-0.44941350610541764,1,163.0406262410937
1.3617685847725454,0.6838075042292668,0.16395696520687272,576.3495623127027,-0.04871948919782915,-0.779043571075238,0.015213842990977429,-0.8692177588559724,-0.09677203125862627,0.7309372459298784,0,169.1397057081822
2.0110901584709957,0.35104209800002845,0.22221410806416844,486.4762194156187,0.389233022757259,1.02616850828539,1.1665392883636174,-0.3496412015787739,-0.9444546043484883,-0.2945572812591073,0,165.82587184451017
1.890242880553148,0.06669997266471549,0.22702715887217598,458.13008636159657,-0.31891338461337676,-0.2853737633536143,-0.36265740245017075,0.10352979405219695,-0.4958391272007582,0.9569879089747818,0,171.05393188295815
0.3686431120807919,0.5384668095107288,0.22481245527203564,514.7994313580542,-1.0435683416119044,1.2440346946834349,1.131225906869157,-0.7851296208754885,-0.039722943276117424,-0.5268883998941811,1,228.1070073163943
0.2855737050407508,-1.4059217272720013,0.23437068974330055,294.4768644197117,0.0511417729953449,-0.8634056924906053,0.257110379364023,-1.6920195026137153,-0.4567877191341998,-0.9220707399331263,1,146.47566992398586
1.0743968584380423,-0.28812961425489164,0.20538766759317004,281.00143947508445,-1.1528939587824323,1.0431025071649993,1.4803066559370741,-1.8349143908571375,1.3125845981666324,1.79190701420674,0,212.35846953548995
0.2296748351096986,0.04420961913879626,0.2213716990394008,360.3311761978204,-2.8944727764864506,1.0586068158692363,-0.23393432050089916,-0.6609242065194946,1.5330076138959305,0.96038650213002,1,172.59698410427092
0.10119586451127896,0.6039442064853134,0.18285906873874774,499.91627699971326,0.012427326867946212,0.537771826014528,0.46660073459742674,0.7215173830836449,1.5012933918755025,-1.0306996226599328,1,207.0193610570696
1.258002427360273,0.1887118492261573,0.19420471507399203,390.2853030902265,0.7464239193127645,-1.6244607430668432,0.5638474732161761,-0.10416423746633982,0.44183521199069853,0.02504218733705868,0,191.0251270729317
1.0006181106071483,-0.1737743919412303,0.19353325335481145,444.42185290608194,-0.5507955076980477,-0.9476252551377857,-1.5091768524790214,0.001164219361314867,0.702588336558266,-0.2181766463635625,0,188.39663143327047
0.7820913477994661,-0.03552540579584388,0.20934539998164556,413.8516133755291,0.002728396985902525,1.0359495945116284,0.690987604918884,0.7111116690177351,-0.45422449863341763,0.08316679761236853,1,222.88093034765018
0.6641425749363845,-0.6787910176705342,0.21592937090640493,346.02227255526054,0.15921371115919508,-1.3575469264330537,1.0689721155352443,-0.13277286857586915,-1.8026397536777885,-0.1680194760499388,1,198.91559714996419
0.20857339454802096,-0.12893277155271793,0.2040677703356799,375.05600877436615,-1.4118277350341646,0.1947405846877566,-1.5219113935347839,0.8592301421819503,-0.11642808668160382,0.22560514779727783,0,213.38411758453722
1.782801454485384,0.09758090576553796,0.2247948887675533,372.056903711435,0.27958480157899207,-1.3162474444075178,0.5779767900680205,-0.2635691692924262,-0.661545660763925,-0.05099272793101148,1,239.41397823460696
0.5113807846147146,0.2366321064607452,0.21569539795406154,405.18593119564383,0.5097202970775833,-0.2956985669037358,0.5519619194158647,1.1438402911718502,-0.8703197471234413,1.187288712872089,0,199.0603285965528
0.6854269271748781,-0.5253464938052931,0.21261496633861152,330.5671570044845,1.221989010729426,-0.9835479382567466,-0.9613810495651894,0.0731873467248674,-1.8026755684020024,-0.5047086050167038,0,211.22270716599252
3.2573190957434766,-0.232380721543728,0.21413206685703357,349.99129099186644,0.16100971214149581,1.4929765860278055,-0.9326078469049602,0.7534480297152895,-0.708889778715376,-0.802262706330088,0,184.53203409332787
0.5491642733030265,-0.21517524965728463,0.22164908535433372,415.4400093573255,0.38179185910023433,1.89459796786439,0.48487208122689146,0.8055530357982432,-0.4624577779026324,-1.8848933054231483,1,236.76042998003717
1.2050189891665681,-0.33976885815320373,0.1603666727591012,404.5787064755965,0.4695464736781906,0.35763180364347175,-1.0391572660498223,1.1915375108192487,0.6990528452060504,1.4379071721056795,0,196.275802956007
0.5288010279762559,0.7911119382827932,0.21885904433433684,403.8923657111902,-0.06039984473530916,-0.6934228661331592,1.3905972937568705,-0.5236739086091384,-0.3508511718511557,-0.37589010593962663,0,191.50256507126417
0.5070020664118555,-0.39664012526010545,0.21510981929874187,332.4336668753459,-1.3467808732995703,-0.3010757164061377,-0.15308994377175866,-0.1789016283351974,-1.1672194520749097,-0.2041550688784879,0,222.17532846202587
1.9785928374877242,0.24057282203504993,0.21342599996253073,481.1195945961416,1.102084986978841,0.11693327044875397,1.4065013919290315,0.15741853912006587,-0.5148591356448028,0.30580458430057444,0,167.3313551276572
0.1432711826694295,0.704145956067169,0.19630620075855462,409.08880032829614,-0.07904405867583265,1.4363988833623058,-0.21418639127693295,-0.6539273700533895,-0.21430868343448095,1.036861473425186,1,182.88778432530742
0.08665024063352524,-1.3226653127200048,0.3162406006318497,346.4059637703164,0.2373000750687908,-0.5195321873922744,-1.1819821330426887,1.3833526427278644,-0.0041386421226564316,0.6691034136758004,1,127.00131519853284
0.3292878013836059,0.471475845644974,0.20578972301472434,432.4934733852024,0.6024777776711588,-1.286210447351755,0.005135233170517614,3.0187556189884326,0.35614722734506804,0.09082128369093113,1,216.51832101942244
0.10409317368434735,-0.6620232125110576,0.23080072114168868,357.6493253267224,-0.18771251102839318,1.0902399280298956,-1.1628432362312968,0.06279830287196325,1.7707202971404958,-1.4162001891566147,1,149.81850013701157
0.6163496880616197,-0.7399796573661518,0.22120019192252227,347.14912343222,0.6419411119362199,-1.4916898703817467,-0.060151741403214616,1.8449704293364626,1.1243142342256918,-0.4116525402843067,1,204.59959627092533
0.14652826289746057,0.05897057386495086,0.24325185583281636,412.8540364523178,1.9268933095978815,0.42412335719032984,0.3272906157362947,-0.7933490006631031,1.940718906232491,-1.3083219645751225,1,173.91087487954732
0.17891480527439174,0.06062786905842656,0.18176932188911732,396.01097654406203,-0.20143608194142845,-1.288938350162014,1.0059469069361269,-0.02547073999342672,0.276327482485873,-1.0536506677490272,0,207.686431530666
1.1080947168416087,-0.3872257681671773,0.19441198961364403,348.934608157666,-0.9298350492747345,-1.8167719787046137,1.1022759811876226,0.41918494993193905,-1.5965607060619924,1.0233945891165905,1,205.0678517350432
0.655337029802168,0.33537872313304334,0.20404939051187498,494.24078067434294,-1.632189604901296,-2.032810611388654,-1.287490649856082,-1.2141180176271162,-0.7052532488831741,0.8165302149489023,1,233.59083027500824
0.4485667353190823,-0.67136639175001,0.2117399117751546,363.63726156690115,-0.6080855273654304,-0.11013709317136498,-1.5059201618627942,-0.6969801059032555,-0.33481605968678574,-1.5418503185602268,1,205.45713006213555
0.31121314496284913,0.12146108315750452,0.2149616433846779,440.24542743540104,-0.420247257095013,-0.5185855335455156,-1.248393117082377,0.5295469350438825,-0.4345114434925726,-0.5754772680985673,1,211.90409400869385
0.6860573128853923,0.36807589536125135,0.22759207608220042,422.18210788210223,-0.2483333328331472,0.0746961223626218,-0.7498027530271388,-1.223727547890572,-0.6384404929677095,-1.2225563256093834,1,238.2658932938225
18.97531072895224,-0.01546042256026378,0.6843359057538853,377.5714777314481,2.158055841897815,-1.6907161934038222,0.9350431540752709,-0.5035829545171817,-1.5293132118281725,1.140388766326619,0,139.80156371929715
0.2381950744984353,-0.645825089038604,0.2623605990189952,366.0860756872854,0.9442590799174195,0.2208694757011148,0.3768489219067409,-0.29663029299818283,-0.9718994846684319,0.5197818542733577,1,158.1432945308381
2.3503522598319857,-0.06519596096987695,0.3159326930703642,392.39676436535444,1.1145594505223044,-0.7072929490994206,-0.5023751669710306,0.045788613479326536,-0.16928346525137578,0.7032634193591667,0,172.43636777114847
0.56067580738924,0.17420065612344116,0.2084721096067568,355.3899882743187,-0.42363648255673736,-0.9653302508620003,-1.9737921061667965,0.369676428546977,-0.6923920620264402,-1.8127512413039433,1,174.82261943381934
0.2793630330265229,-0.09629838102775297,0.21163401254732597,305.3774109434654,2.0518827523056746,1.2535157712270701,-1.6727314186082267,-0.02542872375000272,-0.9283590342828184,-0.3581765712577918,1,162.05205203836354
0.20206283818081286,-0.11297888598303367,0.22370117210899107,410.83114373210344,0.2561087441348112,0.030413998099477386,-1.28236386097688,-2.155051680690798,1.8697103220000335,-0.3159886821533973,1,186.46373397665297
1.2720507424808847,-0.1358081249996879,0.27700958367999806,411.6104836147792,0.05349695354007389,-0.876330929603357,0.21035584449235348,0.7896991828563295,-1.2021131719318734,-1.1123012331284639,0,176.18284449423157
0.8576535340815701,0.46739810769189605,0.2042546256221354,407.3874335923435,-0.4937116828237096,1.3612673173680125,1.2948120509648053,1.1033568692347313,-0.5959627993363336,0.40461640516456265,1,221.60024205042967
0.2761931212989375,-0.17550662578934156,0.18951878432492208,460.2793148981109,-0.4190833811275656,1.002865507078449,0.6447584745168357,0.811223133057967,0.9580231585462032,-0.6607133388999474,1,229.29708137065302
0.2036992203808629,1.0905276215646609,0.21683672876368446,531.8254162673071,0.4542739921299811,0.04300363104640665,1.7476486825022164,-1.0357259150040667,-1.9049404718846374,1.4215913157597817,1,227.36637834388094
1.3775496348397063,-0.39564721079460946,0.213287777477477,333.85058212920376,0.21749387066244566,0.14832816779111935,1.1727073539054802,0.7960217930255655,1.3951419791972681,0.7982405167099825,1,213.18948425552915
0.6310774025547758,-0.11103618530097517,0.21418435746786021,369.11811370486197,-0.9519604019593098,0.024244436763511474,0.17884934024524202,0.291867195146046,0.2920555021738946,0.5456629783464868,0,202.90380585862638
0.2199125349929752,-0.22869003448766473,0.25699639315457345,379.2071927944119,-0.6763008459664748,-1.2637313591836876,-0.2849933531511852,-0.7891586182437035,-0.4173581865102208,0.24948584590903491,0,222.43799519034428
0.2192106294399782,-0.6525407353814461,0.18929364251817618,373.53164511880783,0.03230435069445316,-0.15560903253121114,-0.1264000713861392,-0.016750956253199036,0.2289033202770443,0.552815124720216,1,188.37885031199937
0.24948273377026145,-0.3747265635272253,0.1901210098189528,383.8905434812103,0.567467216994501,1.9734042361508892,-0.3318334280793605,2.4307908896909547,1.2425388588976363,0.8204587800196196,1,198.10053784436084
0.39829616124494915,0.4316717046742429,0.21685983052254496,420.29765233400167,0.6352397024996502,-0.024938265489581588,0.4288559059358482,-1.1608900214436406,2.5384808690218974,-0.3530442912572232,0,201.35844359072277
1.6072722816479452,-0.2753766561030021,0.22028181388312354,300.2262035628755,1.504725939449949,-0.6169574160610007,0.0750578606679928,-1.3063408397929448,-1.577420807838567,-1.5401232132436935,0,202.84464608063013
0.5260517725849109,-0.29712566234177845,0.2175668092405152,344.39590862529985,0.17058911508339192,0.46003303830550235,-0.20602502931968555,1.1582452059022461,-1.2392347903802712,0.10563795228663328,0,204.34722771655638
0.149569351451603,-0.8424013141594153,0.29456244006601473,344.3241797990713,-0.04737289539189595,-1.6116298113726546,0.23334859084599874,-0.3300701801701793,0.9867896646173886,-0.14106801876164562,0,236.2906081781694
0.6458361255774879,0.914452118022433,0.2173594634234088,497.36584792520034,1.3438271371782333,-0.37836565076789946,0.6582557624583253,-0.5509990629487119,0.2918250543884719,0.7066953019215924,0,180.673050828484
1.0304740229178297,0.3706364654763371,0.2370329074706768,501.16550358701306,1.0652042830357247,0.9347577072872982,1.6517301193539162,-0.8816692156630989,-0.726145859387275,1.988189133942471,0,170.46900426507713
1.0006490192985895,0.060448685710919985,0.20533289637514895,431.32941355506864,-1.1703786448836133,1.1852432901767362,-0.24990326021215573,0.2449430710870268,-0.5159466978882182,-1.0679167526962128,1,234.91154050349783
0.44861009561701615,0.3981823082416005,0.2162539791936385,414.1330137527121,1.0352619243099415,0.6317385322696563,-1.8139255693377898,-1.156230332875423,-0.52714893119222,1.2206292550188922,1,211.22161884945652
0.21754685991931094,1.4250827150795546,0.222537226138283,468.27053819735323,-1.4289035988133307,0.38764176420826685,0.8520281720947207,-0.566711740170652,0.20035513548763084,-1.1051866631474292,1,209.32537075184416
1.483831814469821,0.24082798900026048,0.15403513575992248,476.6743390444071,-0.09169045810984647,0.31832917769333974,-0.13718725327290798,-0.05558198546613498,-0.2515931188058196,-1.000197703595977,0,181.34543643205365
1.3864084614732877,0.13868905825782527,0.22963571335069152,450.41385195948664,1.1548937749997898,-0.5611000825131077,2.9229087487306082,1.559513462225018,-0.7221677670679504,0.4088230259468693,1,260.182079713692
0.12244349517419259,-0.6963245706076635,0.2103632577243123,305.914392415766,1.50061836044511,0.3550648406787256,-0.9012581713697614,0.7860798339427749,0.07858999925712175,0.447900671618605,1,139.4465986499364
1.738289567645699,-0.15364749666184385,0.201745516428698,369.92116131273815,-0.07141779685560018,-0.15916329028691026,1.2715768789972608,0.11100948241443352,0.7862397685332694,0.5944662339346237,0,189.36710478178645
1.0789949573801179,0.20382134731558924,0.23172672712216175,411.1333539689519,0.6554423992867975,-0.19086244705733965,-1.0698389621206934,-0.8589633672935653,0.25126154993102806,-0.26033669527957387,1,241.9647210564707
1.4243113211561418,0.10164288267972235,0.18574775616721495,416.3045691777251,0.5489845573867389,0.03536185304708223,-1.4829501229922162,-0.3155731494717734,-0.8363403595261351,1.7141289925642096,0,188.2985750298079
0.36446487609983724,0.18209841407907412,0.2298410160152935,421.92873183985574,0.08241766151691714,0.9904070867190462,1.5714533106993613,1.9337327073842925,-0.5311548250269369,-0.7914069762917507,0,207.99641972513547
0.20295997114525607,0.160290669127423,0.27438443085895137,414.7178132003227,-0.060789033026903035,-1.8831832178841987,1.276500634353231,1.966502787755498,-0.7328260964808447,-0.5566054604062235,0,219.32442178725205
0.2601742152415437,-0.2534200262676672,0.20234353047602405,392.2901638850384,1.1505044020130883,-1.0140908670889532,0.8743600822117544,-1.3162749081966407,-0.46094801503516397,0.41609346937322034,1,195.52937892610697
1.1512784005215806,-0.13775937947117348,0.15989793965911775,397.6381616893607,-0.756064982901292,0.728884873353408,0.859914082663917,1.9646687254431452,0.013832058043402278,-1.3176528826134641,1,208.36650678606628
0.5463294153222209,0.43995515646118766,0.21087921554804168,443.43744849241983,-0.8951611666446897,0.6607658539331328,-0.08552516954596652,-1.0594080499171747,0.8109513594046617,1.5392274802994876,0,199.3442481305105
0.6980994002058692,0.4380145275439042,0.20096688563276577,439.68443817516396,0.2902876467615257,-0.3941037047804027,2.446254860847967,0.010675804129256682,-1.724739392628918,0.42213573255844367,0,196.83563787738657
0.30796025501023655,0.7484359765763834,0.1823553310376479,442.4309591490164,0.7182954561767251,0.9258056525522759,0.30108507160191267,-0.43501895690737075,-1.2642654616486302,0.29249209661103587,0,188.29673170017907
0.18033580345642933,0.4286802493445773,0.18662927535102217,426.64787017115475,-0.4652829548943566,1.439385432718217,-0.8574603548752457,-0.03406905981444788,-0.1399019201297138,-0.2943607919099209,1,200.46676236824933
