w1,w2,w3,w4,w5,w6,w7,w8,w9,w10,Z,Y
0.0,-0.24198496461505414,1.0,-2.207200730169722,0.0,0.0,-3.1566456081154968,1.0,0.0,0.03970317005855211,1,-3.708499171412261
0.0,-0.8524851786249907,1.0,-1.1997606181514615,1.0,0.0,-0.01812927783277144,1.0,0.0,-0.3370158199017982,0,-3.89497296668718
0.0,0.043001334153291236,0.0,0.4853675378391898,1.0,0.0,-0.4976546121530092,1.0,1.0,0.4143481171544053,0,-3.8522373365269647
0.0,1.4151950823466897,0.0,-0.034066525961659766,1.0,1.0,-0.5363692455154387,1.0,1.0,-0.1793366219116409,0,-3.923715228601753
1.0,-0.21285171309606304,0.0,0.7134323102903793,1.0,1.0,-2.142726450215011,1.0,1.0,1.6603389570832154,1,-3.3322486636752213
0.0,-1.4053846252441768,1.0,1.528189045213405,0.0,0.0,2.845367608559425,1.0,1.0,-1.1339305269851712,1,-4.83523439800781
1.0,-1.5216341165459866,0.0,0.687774823916952,1.0,0.0,-0.3300242249643825,0.0,1.0,-0.9122132588632228,1,-3.7222468869559346
0.0,-0.34895696747777405,0.0,1.6694177816945384,1.0,1.0,2.418127127400144,1.0,1.0,0.12958044421354212,0,-3.463536010677557
1.0,1.36108532676612,1.0,0.750291160233402,1.0,1.0,2.403968092521752,1.0,1.0,-1.3583930320450512,1,-5.582716420742511
1.0,1.0794525300411264,1.0,0.20276386351068673,0.0,1.0,0.13070301231510859,0.0,0.0,0.0016995605993865765,1,-5.050924952764666
1.0,0.7612159749857723,0.0,0.8675978744306266,1.0,1.0,0.42272330601870733,0.0,1.0,-0.9723543563720546,0,-4.665845972175176
1.0,-1.7629307901377849,0.0,-0.0569080946545613,1.0,0.0,-0.6672698283888882,0.0,0.0,-0.8631817380121748,1,-2.964850059562866
0.0,-0.27202902400241114,0.0,-0.3100513681341664,0.0,0.0,1.3999336293851767,0.0,1.0,0.15977717806676278,1,-3.5421828603548877
0.0,0.7340619106341036,1.0,0.1653682455973508,1.0,1.0,-1.0407443203675129,1.0,1.0,0.047743169778331526,0,-4.220684270695034
1.0,-0.4328987292676686,0.0,0.4484832187253161,1.0,0.0,-0.06750791556201995,0.0,1.0,-0.50381009334677,0,-3.943615733345228
1.0,-0.08016037037550573,0.0,-0.16692214135785458,0.0,1.0,-1.3432888289676173,0.0,1.0,-0.16682258083280016,0,-3.9307853565911315
0.0,0.18590776785324428,0.0,0.5994993445740916,0.0,1.0,0.7255593967038495,0.0,0.0,-0.5895540169060054,1,-3.8694975597668018
1.0,-0.12309985037915402,0.0,1.6306758899341687,1.0,1.0,-0.6249390755049753,1.0,1.0,0.6875674208872942,0,-3.636245999114186
0.0,-0.17364943622451154,0.0,-0.5605612199696349,1.0,0.0,-0.357011354931106,1.0,1.0,-0.058118445869978656,0,-3.319354505188234
0.0,-0.03145203686752202,0.0,0.02357123112100295,0.0,0.0,0.9581315480377388,0.0,1.0,-1.7207456972762656,1,-4.753732113975862
0.0,0.12026092605188926,0.0,0.22772834504021727,1.0,0.0,0.6934528641658667,0.0,0.0,-0.13367530556056936,0,-3.8058433039781585
0.0,-0.692320023001415,1.0,0.8614665357960962,0.0,0.0,0.5178993815825781,0.0,1.0,1.0985620927882664,1,-4.3723507588591985
1.0,-1.6951126070793403,0.0,1.1017052886891048,1.0,0.0,-0.22865157501811634,0.0,1.0,1.2840591388763123,1,-3.6115272089300285
0.0,-1.3288479482619102,0.0,0.642259675655369,0.0,0.0,0.16512858815956308,1.0,1.0,-0.05778682343385169,0,-2.8911291603027784
0.0,-0.09797844812466187,1.0,0.5266895402205046,1.0,1.0,0.7018770171889867,0.0,1.0,-0.3778119364447075,0,-4.588866775862996
0.0,-0.1828003497451035,1.0,0.2133181338055135,1.0,1.0,-0.2723005820562211,1.0,0.0,-0.12294256936957236,0,-4.242022065442183
1.0,-0.8701746583167894,0.0,-0.29018916843294196,1.0,1.0,-2.6691163425747204,0.0,0.0,-0.7390221655476128,1,-3.8907344573335334
1.0,0.7277837935676472,0.0,1.0452301458402584,0.0,1.0,0.18379025141550487,0.0,1.0,-0.5218245723341284,0,-4.086362641784109
1.0,0.7442734169953131,0.0,0.8472496449278889,1.0,1.0,-1.1871978565241912,0.0,1.0,1.3727289554260544,1,-4.276280638019737
0.0,-0.805958411670674,1.0,0.7110586445949832,0.0,0.0,-0.5229471744557325,0.0,1.0,0.5288048023137965,1,-4.983960821099291
0.0,1.007541748243707,0.0,0.6777962374625621,0.0,1.0,-0.049159009815350235,0.0,0.0,-0.2428854387987139,0,-4.372330826674635
0.0,-1.3157904752524554,1.0,-0.9374770773664337,0.0,0.0,0.7456307079397019,0.0,0.0,1.3153315721143026,1,-4.055160361110126
0.0,-0.6232633154945636,1.0,0.7698713104683669,0.0,0.0,0.0042049103492587106,1.0,1.0,-0.5713593688271466,1,-4.732122706953182
0.0,-0.18700381031399174,0.0,0.8944459899143565,0.0,0.0,-0.14416698507530804,0.0,1.0,0.04339750495625974,0,-3.760963994265989
0.0,1.2280870249058393,0.0,0.45643744841180917,0.0,1.0,0.2893327062675858,1.0,1.0,-1.7294197468979653,0,-4.46349242244935
1.0,-0.07877431696131217,1.0,0.3034090648318551,0.0,1.0,0.026087861252683475,1.0,1.0,-1.1029510218806708,1,-4.802148353167327
0.0,1.4326187087056153,0.0,1.2458424267661214,0.0,1.0,0.8882278765957693,0.0,1.0,0.28230499520607966,1,-5.484264934214727
1.0,0.06399984562272783,0.0,-1.851729571189925,1.0,0.0,-1.5213015101228273,0.0,0.0,0.8397097414842553,1,-3.4425986542088345
1.0,0.3509535474780643,1.0,-0.23156177030582972,1.0,1.0,-1.0320230297032018,0.0,1.0,-0.7668577076918023,1,-4.673541664502355
0.0,-0.025362034444407003,0.0,0.568532509823784,1.0,0.0,0.40523719560882837,0.0,1.0,-0.18161002657609188,0,-4.174915991382492
1.0,-1.987796183588145,0.0,-0.9321404715616872,1.0,0.0,0.7016435203505476,1.0,0.0,-1.2622048367709178,0,-1.5964160372071712
0.0,0.14714268405387199,1.0,-0.7841670361565324,1.0,0.0,1.4158697820525372,1.0,0.0,0.8985914972614597,1,-4.302737780074433
1.0,-0.2509859665449993,1.0,1.0626935169262737,1.0,1.0,-0.6671279062990487,0.0,1.0,0.2647916217158685,1,-5.152750923016575
0.0,-0.6158746258913214,1.0,0.2881180060905885,1.0,1.0,0.9234823771610886,1.0,1.0,1.2692499697265607,1,-4.087358915609131
1.0,-0.7463859183016802,0.0,0.03576732007440855,1.0,0.0,1.4040764552034133,1.0,0.0,1.8305887486748615,1,-2.9720382639062795
1.0,0.0051490251991402275,0.0,0.5411570755588413,0.0,1.0,-0.01725359404811423,1.0,1.0,-1.3383906457027543,0,-3.535528703038759
0.0,-0.7924892281082584,0.0,0.16107920496258216,1.0,0.0,-1.0199373436387376,1.0,1.0,0.5432693316503213,0,-2.8267633069591205
0.0,-1.3833443448464882,1.0,0.4440691414922093,1.0,0.0,2.4169531275794323,0.0,1.0,-0.2220947580999458,1,-4.677280348863243
0.0,1.2541967599585062,0.0,0.9229356619485316,0.0,1.0,-0.10095627226011847,1.0,1.0,0.88498407447578,0,-3.389692785442098
0.0,1.485782199005507,0.0,0.530197140124958,0.0,1.0,0.13793158987049953,1.0,1.0,0.8819824351175981,0,-3.9138385868010457
1.0,0.9297587950292521,1.0,-1.6792697359748041,1.0,1.0,0.24968439099814901,1.0,0.0,0.0008604374040833696,1,-4.15516134126676
0.0,-1.3598246450077,0.0,0.2154626691859123,0.0,0.0,-0.4546014777190376,0.0,0.0,1.3345279665845589,0,-2.3247913513765663
1.0,-0.2664492751061658,0.0,-0.5674536030634274,1.0,0.0,-0.5041193759651481,0.0,0.0,0.6611856881304904,0,-3.218952560063694
0.0,-0.37670758684477107,1.0,-1.2777270290994007,1.0,0.0,0.6873648157568447,0.0,0.0,-0.494315254316235,1,-4.6971449085840975
0.0,-1.7284656940866898,0.0,-1.09950397146209,1.0,0.0,0.7885725446528592,0.0,0.0,-2.1782079656033018,0,-3.700541220901701
0.0,0.8138549172320725,0.0,1.0367449268456899,0.0,1.0,1.098861478049258,1.0,1.0,-0.9573034149856259,1,-5.009714132094573
0.0,0.45979028706232855,1.0,-0.2838747788906807,1.0,0.0,0.2148304489829127,0.0,0.0,-0.7001372375100137,0,-4.656972463143808
0.0,-1.3785977231296147,1.0,-0.29056122841299953,0.0,0.0,-1.8722710825045257,0.0,0.0,0.5911039649257945,0,-4.206418971402009
1.0,1.3375654625266713,0.0,0.8296616384174689,1.0,1.0,0.3786470413157541,1.0,1.0,0.04225088453886993,0,-3.1967752357344263
1.0,0.5808595236455022,0.0,0.3488340175342242,1.0,1.0,0.4584459154665319,0.0,0.0,-0.3610575818060872,1,-4.684479891165652
1.0,-0.40112782178568707,1.0,-1.851289038058754,1.0,0.0,-0.34105890524763904,1.0,0.0,1.684131663087148,1,-3.3235187405130855
0.0,2.09730241387552,0.0,1.5268722545853892,1.0,1.0,0.5326689277997488,0.0,1.0,-1.0124808602671067,0,-5.779760844023894
0.0,-0.7463057443147288,1.0,0.3455949616246815,1.0,0.0,0.5557666660918087,1.0,0.0,-0.39373206962822754,1,-4.071410304760015
1.0,0.007370370097528129,1.0,0.6098250481104357,1.0,0.0,1.6934325854040595,1.0,1.0,0.9032570546241497,1,-4.023907306221317
0.0,0.6072451225302169,1.0,1.0400664910206678,0.0,1.0,-2.143393353127013,0.0,1.0,0.2865575828119897,1,-5.896921436649742
0.0,-0.9096954314088854,1.0,0.11780031162911749,1.0,0.0,0.23469575992231648,1.0,1.0,-0.45946997385173993,1,-4.138140581411555
1.0,0.997219798811203,0.0,-0.009125122452122315,0.0,1.0,1.559136148005077,1.0,1.0,1.4752210749990666,1,-3.5152345388195343
0.0,-0.27443506861973704,0.0,0.8388394211601674,0.0,0.0,-0.1657302841878641,0.0,1.0,-2.0272049524136704,0,-4.428496809109161
0.0,0.07378874640086926,1.0,0.23722144463934586,1.0,0.0,0.3073586163191488,0.0,1.0,-0.4256119769908599,1,-5.508688665812819
0.0,1.024119621821285,1.0,-0.7479607684959282,1.0,1.0,1.0540844964814495,1.0,0.0,-0.6477572867425487,0,-4.32001634381218
0.0,0.9794600184824946,0.0,-0.8276394225474236,1.0,1.0,0.974592611329642,0.0,0.0,0.7547462879447878,1,-5.0826637243841875
1.0,-0.9460878162202778,1.0,-0.271799163708832,1.0,0.0,-0.037898799464404394,1.0,0.0,0.9503014873063665,0,-3.095311679644439
1.0,1.7977866157486435,0.0,-0.18792354461206756,1.0,1.0,1.4568913022543926,1.0,0.0,2.168409494545432,1,-3.6389499315510627
0.0,-1.0018813956285317,0.0,1.0197760020992646,0.0,0.0,1.659505448531496,0.0,1.0,0.7589760417415873,1,-3.5076787719323463
0.0,1.1728581039096768,0.0,-0.5404294046819469,1.0,1.0,0.3573257571663105,0.0,0.0,0.41515525994055524,0,-3.9320873064169457
1.0,0.36636465884828956,0.0,1.3687100616351304,0.0,1.0,-0.6954418171689988,0.0,1.0,-0.3754692031783345,0,-4.031690816806674
1.0,0.45226111807585234,0.0,0.7152081677175303,0.0,1.0,2.043288707485547,0.0,1.0,-1.438016993580354,1,-4.615667820746798
0.0,0.6138238631388803,0.0,-0.017362122604495846,0.0,1.0,-0.3114946731639067,0.0,1.0,-1.2954201323533672,1,-3.980073055009215
1.0,0.8556310313890664,1.0,1.2074847416641112,0.0,1.0,-0.7100750636835429,0.0,1.0,-0.22018073337921654,1,-5.361800567945383
0.0,-0.3435903098070688,1.0,-0.06186968870644923,0.0,0.0,-0.6161732134488308,0.0,1.0,-0.0004166351944457856,1,-4.835510165103053
0.0,0.7388278853345738,0.0,-1.4712151275014627,1.0,1.0,-0.9522556830137461,0.0,0.0,0.4182117922500234,0,-3.718955742735044
1.0,0.41596706051916615,1.0,-1.2258048634138685,0.0,1.0,0.7275626951238114,1.0,0.0,-2.0546709069316056,1,-4.2556793053364625
0.0,-0.05798254438124868,0.0,-0.14606753629910502,1.0,1.0,-0.5321761257514931,1.0,0.0,-2.2506704330115834,0,-3.2793544547991553
0.0,-1.6493883619140692,1.0,1.1277133284960286,1.0,0.0,1.2109817840119226,1.0,1.0,0.5049500222639749,1,-3.7635404588525403
0.0,0.3440288402594538,0.0,-0.5130950606349317,1.0,1.0,0.6944579505449157,0.0,1.0,-1.0290312931076266,0,-4.234112351315795
0.0,-0.53535207240995,1.0,-0.7785110070890439,1.0,0.0,-0.4252438235823034,1.0,0.0,0.24951716833005372,1,-3.7332829456326544
0.0,-2.150332408707404,1.0,1.2247184587390372,1.0,0.0,0.3133510517140475,0.0,1.0,0.4868926528707227,1,-4.5096910688305085
0.0,-0.9368196787682118,0.0,1.1640347703932252,1.0,0.0,0.6026406067940151,0.0,1.0,-0.6625322039271081,0,-4.401750168663108
0.0,0.1348299955881504,0.0,-0.620712339380863,0.0,1.0,0.38743058695520277,1.0,0.0,0.6397126202760129,1,-3.4619711771874653
0.0,-0.5413213316419004,1.0,0.4922699238911069,0.0,0.0,-0.4823335383559524,1.0,1.0,-0.16273908917940932,1,-4.92728071818049
0.0,-0.11604761407778268,0.0,0.26666914303844286,0.0,0.0,-0.4325389556986072,0.0,0.0,-1.8410769748298332,1,-4.946857608636728
0.0,0.48744300644341126,1.0,-0.3847816597896273,0.0,1.0,0.47948726019091015,1.0,0.0,-0.6666944346521041,0,-3.6842738789866223
1.0,1.3588827381980417,1.0,-0.8934178858135684,1.0,1.0,-0.34953221565558745,1.0,0.0,-0.203588366159171,1,-4.132585280958418
1.0,0.46173626551875785,0.0,1.2654806140882646,1.0,1.0,-0.7111257258864647,0.0,1.0,0.4018909663193202,0,-3.5896188059479757
1.0,0.31334808477943304,0.0,0.4812063749028098,0.0,1.0,1.5738603009279466,0.0,1.0,-0.5360107143616154,1,-4.446654334885125
1.0,-0.7755779942704132,1.0,0.08777616642002496,1.0,0.0,-0.4628654945227291,0.0,0.0,-2.3215367952398496,1,-5.052619240624193
0.0,0.5004345601314725,1.0,1.580905853760118,0.0,1.0,-2.057095265538567,1.0,1.0,-0.8013636531904981,0,-4.632806442808293
0.0,1.0835915993818868,0.0,-0.18561519097124002,1.0,1.0,-0.9560298204272355,0.0,1.0,-1.4244636648556794,0,-4.47765399941308
0.0,0.5166219907123722,1.0,-0.7711378771544642,0.0,1.0,0.6730826252150862,0.0,0.0,0.600096117773958,1,-4.678438273842256
0.0,-1.133856696309654,1.0,-0.5405236997201459,1.0,0.0,0.6988674101246551,1.0,0.0,-2.145810168245802,0,-4.2173097473011145
0.0,-3.0748888920815993,0.0,-0.28711110797565736,1.0,0.0,-0.2851302527769509,0.0,0.0,1.7572128913386083,0,-2.5281083398710757
0.0,1.1478992793215521,1.0,-0.09326754470199064,1.0,1.0,-0.40485620913975096,1.0,0.0,0.06212270373050156,0,-4.6977717146433715
0.0,0.18746535914623064,0.0,-0.5391007877050793,1.0,1.0,1.0413112698903508,1.0,0.0,-1.467531523096376,1,-4.281219698375723
1.0,-1.6124966233419082,1.0,0.2588663324136951,1.0,0.0,1.4112237634341795,1.0,1.0,0.4540817006542664,1,-3.134621726412343
0.0,0.026667644625988463,1.0,0.3209302382512361,1.0,0.0,0.9616875821625702,0.0,0.0,-0.8855148658340734,0,-4.547303279327202
1.0,0.4558090060781775,1.0,0.25563537564865646,1.0,1.0,-0.6189417099369344,1.0,0.0,-0.2296847996256344,0,-3.9766964590424934
1.0,0.074752681135602,0.0,0.5263898713626453,0.0,0.0,-1.4841027223493979,1.0,0.0,0.8042530165226552,1,-3.4937501310619914
0.0,-1.6520265332881774,1.0,-0.6696775695679861,0.0,0.0,0.4082980030963746,1.0,0.0,-0.882436278586459,1,-3.842739253160068
1.0,2.406023807021004,1.0,-0.887206277937951,0.0,1.0,-1.1488518058516535,0.0,0.0,-0.16226789568932054,1,-5.445699619323964
1.0,-0.9865280866666938,0.0,-1.00028144373725,1.0,0.0,-0.9338371277389659,0.0,0.0,1.4745280978438273,1,-2.752517518406385
1.0,-0.7532310935144768,1.0,-0.17283134226114932,0.0,1.0,0.14924664764576367,0.0,0.0,0.13995630468270906,1,-4.156684875888087
0.0,-0.6807201952264904,1.0,-0.47946439660588946,0.0,0.0,0.017076476171706746,1.0,0.0,-0.7841650071317132,1,-4.26869817833112
0.0,-0.6276960956639676,1.0,-1.0045211125670859,1.0,0.0,-1.986202899226144,1.0,0.0,-0.3125219009682662,1,-4.163764448286249
0.0,2.14348356498683,1.0,1.2063139944941474,1.0,1.0,1.052874715215705,0.0,1.0,0.6473174058343157,1,-5.522309921026089
1.0,0.5090385459911193,1.0,1.7543690170207318,0.0,1.0,1.3106950011671117,1.0,1.0,0.7882521082367481,1,-4.476287974063555
0.0,-1.8017010861064064,0.0,0.049538427758419774,1.0,0.0,1.3657358786056164,0.0,1.0,0.5307181507927955,0,-3.414323101161827
0.0,-0.31517884304873817,1.0,-0.13427546246674998,0.0,0.0,0.9547289706262698,1.0,0.0,0.3815173491759952,1,-4.05492018428027
1.0,-0.23020146152228005,0.0,1.050077261138993,1.0,0.0,-0.5421548528298433,0.0,1.0,-0.26825414150391363,1,-4.257288981460818
0.0,0.48676232452973794,1.0,0.853599807061246,0.0,1.0,1.1845583022227801,1.0,1.0,1.1091323422295696,1,-4.158396767121852
0.0,-1.4472459211257032,0.0,-0.7591944984423074,0.0,0.0,0.6888653410719668,1.0,0.0,1.5433664684281394,1,-2.419121147878225
0.0,-0.6916576146695703,0.0,-1.1844711247857278,1.0,0.0,0.29336162223472156,1.0,0.0,-0.07334043799356095,0,-2.8882482610809674
0.0,2.085960579893791,0.0,2.5679896661340704,0.0,1.0,-0.17943918406454554,1.0,1.0,-0.2987978821373452,0,-4.5318925911510135
0.0,2.466989044714741,1.0,0.7055932301784871,1.0,1.0,-0.8256647476880908,0.0,1.0,-1.083761655476346,0,-5.754809545552436
1.0,0.17644889544456954,0.0,1.5454034148460083,0.0,0.0,1.143705824382517,1.0,1.0,-1.7044242299793142,0,-3.6398205124720584
1.0,-0.808112859012032,1.0,-0.036006225736801414,1.0,0.0,-0.6103471189621907,1.0,1.0,-0.38197766573390113,1,-3.730524045664315
1.0,-0.4313221640872361,1.0,1.2197298757609467,1.0,0.0,0.7447220347051738,1.0,1.0,0.05425741815627963,1,-3.8849320342976457
1.0,-0.9450049448768278,0.0,0.3327296835433261,0.0,0.0,-0.8675689164509137,0.0,1.0,-1.217937554172211,1,-4.39423467619302
0.0,0.9563150466644988,1.0,1.6211747659806097,1.0,1.0,-1.291436998785825,1.0,1.0,-0.6379829231571597,0,-5.005078711236801
0.0,1.2643975065409152,1.0,1.3111558176612628,1.0,1.0,0.20470279813502737,0.0,1.0,1.084739277994222,0,-5.825711834374821
1.0,0.321907636059758,1.0,1.4648375009924315,1.0,1.0,0.5159302721124829,0.0,1.0,0.25726331365557076,1,-5.388247969339495
0.0,1.0605720251232809,0.0,0.12007341849569673,0.0,1.0,0.47464655957883783,1.0,1.0,0.8043239644397258,1,-3.673232975008654
0.0,-0.5879632909159711,1.0,-1.089555987048447,0.0,0.0,-2.0472024525571624,0.0,0.0,0.6618070809407042,1,-4.528061486673558
0.0,0.7820076450588602,1.0,-0.8319871624650093,0.0,1.0,0.02763385969480016,1.0,0.0,0.254682374518462,0,-4.301860604395851
1.0,-1.3331352474231857,1.0,-0.5927454866291587,1.0,0.0,-0.6017485425928594,1.0,0.0,0.09327500730293523,1,-3.423483901903205
0.0,-1.4818576288331833,1.0,0.24398629731504437,1.0,0.0,0.09623085297982047,0.0,0.0,-0.05466428906548096,0,-4.050425777988247
1.0,-1.30742055982364,0.0,1.197111513211709,0.0,0.0,-2.304942056852314,1.0,1.0,-0.022750564637471146,0,-3.0225415026346174
0.0,0.04713815236055476,0.0,1.1293099744609794,0.0,0.0,0.4976026436297781,1.0,1.0,-2.1953046765607476,0,-4.009928759723822
0.0,-0.5028461910553698,1.0,0.9413656437007683,0.0,0.0,-1.3199279243640567,0.0,1.0,-1.3185105770572998,0,-5.467044862959567
0.0,-0.895546681574604,1.0,0.0861584167653377,1.0,0.0,1.7427953061239123,0.0,0.0,0.6507880721966368,1,-4.893308928385961
0.0,1.2527548298290951,1.0,0.722964316754615,0.0,1.0,-0.3972108922561337,1.0,1.0,-1.7427424899396324,1,-5.238791333850653
1.0,-0.9220215824716774,0.0,0.195392680887605,0.0,0.0,-0.8393634221339105,1.0,1.0,-0.63339961545248,0,-3.0919086093334185
1.0,-0.12537057251260594,0.0,-0.2609140528845171,1.0,0.0,-0.4217632988761571,1.0,0.0,0.016283380357402726,1,-3.5316623545038865
1.0,0.2777236650383455,1.0,-0.33379161751160463,0.0,1.0,-0.5451320172513041,1.0,0.0,-1.5190111984378432,1,-4.465022422453702
1.0,0.1767468932481656,0.0,0.35876445108170574,0.0,1.0,-1.4103866907273117,1.0,0.0,-0.4906792692868487,1,-3.3028499922029013
1.0,-0.09605715471378874,0.0,0.5796862514482007,0.0,1.0,-0.6283553308009395,0.0,1.0,0.28601606411359615,1,-4.022800372479384
0.0,-1.043903830341803,1.0,0.8332457230729603,0.0,0.0,-0.8884213211242145,1.0,1.0,0.5331404513729697,1,-4.274503746913788
0.0,0.2551080260078277,0.0,-0.6228286714287815,0.0,0.0,0.35617663447896364,1.0,0.0,0.8558603437849939,0,-3.0531791331834457
0.0,1.0885254818637085,1.0,0.4129160883422035,1.0,1.0,0.13937561008137422,0.0,1.0,0.05581484282460486,1,-5.6765720456291975
0.0,0.48467811579485237,1.0,-0.7392644759337986,0.0,1.0,-0.576500023166639,1.0,0.0,-0.689392069804318,0,-4.189811681021834
0.0,-1.9723320847146841,1.0,-1.0109158233792972,0.0,0.0,1.254597762062074,1.0,0.0,1.3394728574697037,1,-3.1650585734922174
0.0,0.622240229301889,0.0,-0.03564125466566078,0.0,1.0,0.03892991141756705,0.0,1.0,0.01189933829916199,0,-3.7818451606341177
0.0,-2.5914827275483474,0.0,0.24315453517779595,0.0,0.0,0.9092503220355047,0.0,0.0,-2.0727806051697004,0,-4.075971849578508
1.0,0.8990072025731078,1.0,2.1514520448872387,1.0,1.0,-0.7017756062687693,1.0,1.0,-0.43990172260798993,0,-4.557709645276933
1.0,-1.2059275852295437,1.0,1.5152371448080164,0.0,0.0,0.6302733607132613,0.0,1.0,-1.7078360495904414,1,-5.052172233916465
0.0,-0.4863944701978398,1.0,-0.6217809279210788,0.0,0.0,-0.9477935986326527,0.0,0.0,0.7317757364075512,0,-3.9411940008152584
0.0,0.22720564392910406,0.0,0.24082397475352532,1.0,1.0,-1.4469982768434757,1.0,1.0,-1.0150627922275055,0,-4.1040507424272
0.0,1.6942586123378203,1.0,0.3443481588005157,0.0,1.0,0.9524388355487068,1.0,1.0,1.0035046269133512,1,-4.928720151708575
1.0,-0.5867438830776898,1.0,0.3352082299093518,0.0,0.0,0.14982386516290144,1.0,0.0,-0.23348303961760353,1,-3.969496154491432
1.0,0.08771122063943662,0.0,0.3485588705496654,0.0,1.0,-1.7394651673927395,0.0,1.0,1.768313183159101,1,-4.172627211054135
1.0,0.27813485434141233,0.0,-0.5114148857416031,1.0,0.0,1.6068636031166081,0.0,0.0,-0.7839043594564621,1,-4.097290134367374
1.0,-1.4580511897455337,0.0,1.123582668623764,1.0,0.0,-0.8112895695213762,1.0,1.0,-0.6970547408702609,1,-3.3767545191623043
0.0,-0.013508491733952448,0.0,0.524048553155323,1.0,0.0,-0.28443192134508416,0.0,1.0,-0.6262407256347656,0,-3.882574014120501
0.0,1.4751946321808156,0.0,-0.19446628609893676,1.0,1.0,-0.07497336135484915,0.0,0.0,0.1463803142458623,0,-4.521204511540433
1.0,0.36997160967490006,0.0,-0.8562934602685021,0.0,1.0,0.39846408506199815,0.0,0.0,0.29498255581006594,1,-4.030733914041513
0.0,0.4335474066890714,1.0,-0.15343221228503717,0.0,1.0,0.48126321362862606,1.0,0.0,-1.0411605467585714,1,-4.52089972104876
1.0,0.13039119141431468,0.0,-0.7770136784134719,1.0,1.0,0.7546908598620387,0.0,0.0,-0.7225607625944828,0,-4.1731077363998175
1.0,0.6519879429420182,0.0,-0.24696876334124623,0.0,1.0,-0.5220613277441312,0.0,1.0,-0.04823254579031931,1,-4.275828180287339
0.0,0.2564607460970918,1.0,0.7991818124074977,1.0,1.0,0.35198188553866583,1.0,1.0,-0.5498888724348184,0,-4.44889500799169
1.0,2.1957348894742603,1.0,2.1682539728300236,1.0,1.0,-0.21944949453425477,0.0,1.0,0.2174810878536347,0,-5.860077727423512
0.0,-1.2627757374931543,0.0,-0.46117907182901724,0.0,0.0,1.2266995589424243,1.0,0.0,0.267656755045167,1,-2.8906617514972974
0.0,0.15218370209752027,1.0,0.2944701734706604,0.0,1.0,0.17881412035308988,1.0,1.0,1.497775134425929,0,-4.160352773075186
0.0,0.09610391399045953,1.0,-1.8837195466465029,0.0,1.0,3.148602647553646,0.0,0.0,0.4273491206140794,1,-4.827847513843733
0.0,-0.3000724847605329,1.0,0.8570352758592814,0.0,1.0,0.42478438817861114,1.0,1.0,-1.8976067895378539,0,-3.9732630613997966
1.0,-0.9530226215275082,0.0,0.49038950232288797,1.0,0.0,1.6726650565280943,0.0,0.0,-1.5803420889140531,1,-4.000333456774433
0.0,1.7388085945600296,1.0,-2.0043613780993477,1.0,1.0,-2.634635707889184,0.0,0.0,0.7187968100505727,1,-5.244431178954538
0.0,-0.8696440776945671,0.0,-1.0440270733524626,1.0,0.0,-1.5526365763457604,1.0,0.0,0.778122121991236,0,-2.3867602829519403
0.0,-0.9342731127250733,0.0,-0.4757347215615348,1.0,0.0,-0.3765744575650976,0.0,0.0,-0.21023507299760247,1,-3.812126150341996
1.0,0.72071287303775,1.0,0.6985097563508681,1.0,1.0,0.14154132938507705,1.0,1.0,0.8767195065850916,1,-4.849343534112984
0.0,0.9888878404469226,1.0,-1.3762218590567703,0.0,1.0,-0.9776575483423187,0.0,0.0,-1.1654329414462952,1,-4.929744971012233
0.0,0.6039272855726698,0.0,-0.17418076378845762,0.0,1.0,-1.627364411721615,1.0,1.0,-0.24975695462064634,0,-3.2218654528100665
0.0,0.5654423699895578,1.0,0.2842512918260836,1.0,1.0,0.09388882394500651,0.0,1.0,-0.2832537707880907,0,-5.164552717730308
1.0,0.6297651108447536,1.0,0.6741269993350326,0.0,1.0,0.5361162446768812,0.0,1.0,1.0273832434353818,1,-5.388512805162094
0.0,0.24954387212831455,0.0,0.528265024761265,0.0,1.0,1.431715603680536,0.0,1.0,1.3475185301261927,1,-4.169985672612143
0.0,0.7485589575981885,0.0,1.0247903696822156,1.0,1.0,2.176030051880723,0.0,1.0,-0.5293819698106325,0,-4.5439952243068715
0.0,0.4915049217211645,1.0,1.3936619404683874,1.0,1.0,2.247327719841588,0.0,1.0,0.15351219066301278,1,-5.465138936973072
1.0,-1.1390405462280642,0.0,1.1989596479472555,1.0,0.0,-0.09280967842622584,0.0,1.0,0.2872384916338865,0,-3.604681709986003
1.0,1.0172391296902599,0.0,2.148918866433913,1.0,1.0,-1.2871225602666567,0.0,1.0,-0.2716932209636244,0,-4.729781086970833
1.0,1.022888922319063,0.0,0.37802918717495965,0.0,1.0,0.47942654976063365,1.0,0.0,-0.798958166412203,1,-3.9330218659329903
1.0,1.293676600986238,0.0,-1.1368911069885466,1.0,1.0,1.7577559776842535,0.0,0.0,0.6909766015408465,1,-3.68444277049599
0.0,0.9195730857268368,1.0,-1.4613137089653492,1.0,1.0,0.4332442861800222,0.0,0.0,-0.9632272924745774,0,-5.319944963608561
0.0,0.11277284863346859,1.0,0.8503351289258023,1.0,1.0,0.6743859280092889,1.0,1.0,0.17572933547370712,1,-4.788967852001407
0.0,1.4700264558966214,1.0,0.09207738571220672,0.0,1.0,1.454747522625349,1.0,0.0,2.118290911381325,1,-4.487298346544342
1.0,0.5576222087886787,1.0,0.2189344734300962,1.0,1.0,0.3256890366636306,1.0,1.0,1.3128796267209415,0,-4.085885318726387
1.0,0.4623740652890738,0.0,0.9412830202248335,1.0,1.0,0.8168269442999812,1.0,1.0,0.31587146913028463,1,-3.6598884422408
0.0,0.12535837143765186,0.0,0.12392682864264284,0.0,1.0,-0.758287957216759,1.0,1.0,-0.7132257589504435,0,-3.7721244002256626
0.0,-0.33541541813230435,0.0,-0.3083439707722125,1.0,0.0,1.9325996670231487,0.0,1.0,0.5420591054413247,1,-4.391016888341571
1.0,-1.143873170399811,0.0,0.22320430132122127,1.0,0.0,1.101414289838085,1.0,1.0,-0.4601556641430456,0,-2.622462523768894
0.0,-0.19729573230893183,1.0,1.5455933390398782,1.0,0.0,0.423942273863066,1.0,1.0,1.5353192432746479,0,-4.2289846184956374
1.0,1.1706574301379045,1.0,1.006170789665207,1.0,1.0,0.5542821802525478,1.0,1.0,-0.5981837887673815,1,-4.978136918999547
1.0,-0.1782649866931458,0.0,0.538960781435005,0.0,0.0,0.9977746861295795,1.0,1.0,-1.3549494168893146,0,-3.771326456793856
0.0,-0.628073657943807,1.0,-0.5916172196048174,0.0,1.0,-0.3819842112768012,1.0,0.0,0.7848698459297074,1,-3.2850156432879976
1.0,-1.0695112550504737,0.0,-0.48382961109647,0.0,0.0,-1.1211492408285584,0.0,0.0,-0.594634627375184,1,-3.139419177676727
0.0,0.5081293300067087,1.0,-1.9979006369730574,1.0,1.0,1.4013043961640177,1.0,0.0,-0.510279265193343,1,-4.406573008193058
1.0,-0.5278517075114563,1.0,-0.7193838898774811,0.0,0.0,0.9152010710337737,1.0,0.0,0.3096157844704632,1,-3.252101446791734
0.0,0.12261671443391234,1.0,0.003765881386382631,1.0,0.0,0.9510014527216936,0.0,1.0,-0.7001115158421142,1,-5.672651219033906
1.0,0.25640623999111384,1.0,-0.5142512573273434,1.0,0.0,-1.8069045779749746,0.0,0.0,-1.4059948675274276,1,-5.343588142363657
0.0,-0.8904089305889004,1.0,-0.46876350685779594,0.0,0.0,0.4331733757091936,1.0,0.0,-0.23323851909634197,1,-3.548553539241134
1.0,-0.0023173660413001403,0.0,0.41832677844229,1.0,1.0,-0.004374123759394221,0.0,1.0,0.4932117633475535,0,-4.526949732985982
1.0,-1.1831792984713305,0.0,0.8933621104858265,0.0,0.0,1.984048071448788,1.0,1.0,-1.1773697205879958,1,-3.35811651846238
0.0,-0.7510513626149261,0.0,-0.7551305394697537,1.0,0.0,1.004653261769193,1.0,0.0,0.7093566113280291,0,-2.5062121671622286
0.0,0.7078769249630685,0.0,-0.3641687325515927,1.0,1.0,-0.0261086800598295,1.0,0.0,0.4029725221068408,0,-3.154012932393008
1.0,1.7550717900306707,0.0,0.07353898752496224,0.0,1.0,-1.3167143867607596,1.0,0.0,0.6477089028764929,1,-3.9080080223282474
1.0,-0.5178686152528396,1.0,-0.12725580991625177,0.0,0.0,1.4094791728082225,1.0,0.0,0.516369421620462,1,-3.55775572773893
1.0,-1.2552837733709552,1.0,0.05291895795801684,1.0,0.0,-1.5356402456975002,0.0,0.0,-2.0703364643652633,1,-5.205253000695937
1.0,-0.38674184299863734,1.0,0.8955729623863061,1.0,0.0,1.4874659317419041,0.0,1.0,0.5658453561112506,1,-5.30276021924759
1.0,0.6134691672646125,0.0,0.9300773394886799,1.0,1.0,0.8072449034453126,0.0,1.0,0.4347480979079263,0,-4.200735562404332
1.0,0.2507932826804856,0.0,-0.8002962988203653,0.0,1.0,-1.2211662735647686,0.0,0.0,-1.5014078414686518,1,-4.433811181104316
0.0,-1.423356189708201,0.0,-1.172837491872503,0.0,0.0,0.5090334428950011,0.0,0.0,-1.1458202419457848,1,-3.1480033742358198
1.0,-0.36526438351972873,1.0,-0.5750163631408837,0.0,0.0,-1.2014960494317637,1.0,0.0,0.8340110803339126,1,-3.6938782898069165
1.0,-0.30035699514257774,0.0,-0.337571706172823,1.0,0.0,1.1344012354406943,1.0,0.0,1.3067147307638192,1,-3.05466071138702
1.0,0.01632329142245266,1.0,0.4593184448998606,0.0,0.0,0.04076165603890647,0.0,1.0,1.9692035897868565,1,-4.872010457980882
0.0,-1.7808723572016245,0.0,-0.6757317488727247,0.0,0.0,0.019159595538461173,0.0,0.0,-0.09235036975756601,0,-3.605508331151243
1.0,1.403545699325385,1.0,1.1326712432622288,1.0,1.0,0.8031241294691316,0.0,1.0,-0.8103683136388715,1,-5.930276218748634
0.0,-0.25368477507432907,1.0,-0.29550633557604583,0.0,0.0,-0.18332161871824795,1.0,0.0,-0.11425916172870326,0,-3.6941245057599215
0.0,-0.8789982409190552,0.0,-0.6261713443885848,0.0,0.0,0.1637880471430252,0.0,0.0,0.49266876209618404,1,-3.3962360651358243
0.0,0.16414019897495344,1.0,2.0010933716190213,0.0,1.0,0.33697928208570194,1.0,1.0,0.46996647695454064,0,-4.781517108643269
1.0,0.1333562491224442,0.0,1.062947971984285,0.0,1.0,-0.5231922338055295,0.0,1.0,1.4246839153804656,1,-3.619986541588843
0.0,1.2488249312781443,1.0,2.50011086543914,0.0,1.0,0.598934371489973,1.0,1.0,-0.7732196247949809,0,-5.04522712388721
1.0,-0.2777247718249777,1.0,-0.2479877959009992,0.0,0.0,-1.5569479809684597,0.0,1.0,0.049844713884949356,1,-4.470086995130843
1.0,-0.12248202487006092,0.0,0.38574391891020177,1.0,0.0,-0.36199070080947005,0.0,1.0,-1.033022338032675,1,-4.489706190039216
1.0,-0.9499308968075323,1.0,0.24103060230374776,1.0,0.0,-2.186996373079938,0.0,1.0,-0.6796062247798135,1,-4.456495682691704
1.0,1.8815849595624603,0.0,0.21927077207989568,1.0,1.0,0.16799263675080386,0.0,1.0,-0.6535276011469705,0,-4.127944876037842
0.0,-0.5431986062026907,0.0,0.5159587324667144,0.0,0.0,-0.15175478659760705,0.0,0.0,1.032946476366358,0,-3.9876084320764096
1.0,-0.8551326167553284,0.0,-0.456331412021561,1.0,0.0,0.3298375827171046,1.0,1.0,0.6837695790541527,1,-3.238405166515604
1.0,0.061222688906476544,0.0,-0.32612540511964044,1.0,1.0,0.3242052484117421,1.0,0.0,-1.9834488033001036,1,-3.511403331145904
1.0,0.7501782319037329,0.0,0.33309742279886106,1.0,1.0,0.6847989212204736,0.0,0.0,-1.013157045024123,1,-4.929507145030004
0.0,-1.611077667936016,1.0,-0.10318051524337264,0.0,0.0,0.5777870878103735,0.0,0.0,1.716592133830543,1,-3.5469937835131273
1.0,-0.5285994657682263,0.0,-0.08946686107377688,1.0,0.0,-0.07779917357905361,0.0,1.0,-0.17336562343683112,0,-3.7472088860087744
1.0,-0.16312248547191804,1.0,1.5292080343782382,1.0,1.0,1.853818413588292,1.0,1.0,-0.11517060176811164,1,-4.767795926521952
0.0,1.384204644281255,0.0,-2.0541265552452455,1.0,1.0,-0.13654775772397285,1.0,0.0,-1.12049176125597,0,-3.3897603925775326
1.0,0.773866214914944,1.0,1.0783411673172776,1.0,1.0,-0.1760538762538013,1.0,1.0,1.3728479293231057,0,-4.001185425837851
0.0,0.5222774747603185,0.0,-0.045269455228036194,0.0,1.0,-0.5477139337871829,1.0,0.0,-1.377148020715998,0,-3.645773512690714
1.0,0.15358963178685525,1.0,-0.899040688004988,1.0,0.0,0.43035836423061974,0.0,0.0,0.43710263092497387,1,-4.435474574794388
0.0,-1.8088846882784364,1.0,1.3619107207786447,0.0,0.0,-1.5270812414879849,1.0,1.0,-0.7769016347985741,1,-4.653832832959361
1.0,0.48980487269553685,0.0,0.2766063759229506,0.0,1.0,2.657784889663118,0.0,1.0,-2.1114255084039417,1,-4.299453677109084
1.0,-0.19625235735212865,0.0,0.41038585260859667,1.0,0.0,-2.8492534467853248,0.0,1.0,-0.24267630005738372,0,-4.043643592235513
1.0,-0.6253803572292149,1.0,-0.32448144898170633,0.0,0.0,-0.8693127205846757,0.0,0.0,-0.5435504615605692,1,-5.172139596398543
1.0,0.6117695018312318,0.0,1.1348317999633224,1.0,1.0,-1.5129546879388378,0.0,1.0,-0.41820367485953763,0,-3.802876897729922
1.0,1.7583457640064255,1.0,-0.01796357917362708,1.0,1.0,-1.1015835606823094,1.0,0.0,-0.22615247907396874,0,-4.35523511678314
1.0,1.4466828492989434,1.0,0.36211978319852034,1.0,1.0,-0.4750859940092213,0.0,1.0,0.002427748565026759,0,-4.340952920415939
1.0,1.1757920951774432,0.0,0.6636317327496344,0.0,1.0,-0.7906701634783924,0.0,1.0,0.3911697021928306,0,-4.490287194186105
0.0,0.5304878901435525,0.0,0.9411920924850026,0.0,1.0,-0.945448840518063,1.0,1.0,0.7516765905699193,0,-4.0359801841487
0.0,-0.4011460942365374,1.0,-1.8890326315610786,0.0,0.0,0.2271072407997616,0.0,0.0,0.14288464673120874,0,-4.550947636776637
0.0,0.23937574296132658,1.0,-0.46336075152252576,0.0,1.0,1.2085522108228064,1.0,0.0,1.1978055380864796,1,-4.07025887336885
1.0,0.38803962694362903,0.0,-0.6633091198291331,0.0,0.0,0.6028069789782904,0.0,0.0,-1.096952250560517,1,-4.316183817541854
1.0,-0.42450252270088523,1.0,-1.8768772560574891,1.0,0.0,1.3530143780784647,1.0,0.0,0.6806578226974612,0,-2.9996168853618825
1.0,-0.37957044747164476,0.0,-1.482885841154884,0.0,1.0,0.19884847525389798,0.0,0.0,-1.6623030005296013,1,-3.743098489626234
0.0,0.9161494508629993,1.0,-0.7050014684345345,1.0,1.0,-0.9560278431797328,0.0,0.0,0.7325426032112492,0,-4.573876282577253
1.0,1.068019738588047,1.0,-1.1811479291615696,0.0,1.0,-0.0036432380505473385,1.0,0.0,0.12323025766127241,0,-3.5919790240871827
0.0,0.11258991730287307,0.0,-1.1827633565066613,0.0,1.0,-0.19078113286160459,0.0,0.0,-0.21164496863524807,0,-3.734706770341374
1.0,-0.4508172094571649,1.0,-0.5366359176861465,1.0,0.0,-0.313273031184911,1.0,0.0,0.5450844548204004,1,-3.9429236096099527
0.0,1.4808601039004738,0.0,1.000728646901133,0.0,1.0,0.5356626859826201,1.0,1.0,-1.7131224992075957,0,-4.197550134215889
1.0,-1.518260138298526,1.0,-0.04834451283464988,0.0,0.0,1.4189035109803154,1.0,1.0,-0.45889756512930324,1,-3.9719321058068076
0.0,-0.21137961904579747,1.0,-0.24354494415045996,0.0,0.0,0.544661409144398,0.0,0.0,0.5662379509389219,0,-4.340428310658813
0.0,0.8639961116002204,1.0,-0.5203279302423385,1.0,1.0,1.6019284381770518,1.0,0.0,0.35906707395979387,1,-4.303777388735102
1.0,0.8230434241583732,0.0,0.18809104317398742,0.0,1.0,0.9917293370490338,1.0,1.0,0.3512584810740774,1,-3.3957298094495765
1.0,-0.22781146405317074,1.0,-0.7970939934707852,0.0,0.0,0.23583841229678307,0.0,0.0,1.9750750627977762,1,-4.199538267901941
1.0,-0.543975134886272,0.0,-1.0892461136441245,0.0,0.0,1.0366998548816186,1.0,0.0,0.34463299703839423,1,-3.2451321215022872
0.0,-1.314642367024542,1.0,0.5744322874774536,0.0,0.0,0.5864626906482708,1.0,1.0,-0.5954699165485597,0,-3.4180967460924725
1.0,-1.2137525927239956,1.0,-0.7104525326001738,0.0,0.0,-2.4773335496590327,1.0,0.0,1.343426177336782,1,-2.8218769416759457
1.0,-0.4076413911260675,0.0,-0.6664173622030066,1.0,1.0,-0.2924465248708114,0.0,0.0,-0.11002988220961002,0,-3.302695834445793
1.0,1.6847153396307029,1.0,0.3399336337160749,1.0,1.0,0.8714546811546149,1.0,1.0,-0.5965326036697246,1,-5.120898543831598
1.0,0.7638589374873205,1.0,-0.08811181857472423,1.0,1.0,-0.339691735905551,1.0,0.0,0.8090556676842683,1,-4.087426552814736
0.0,0.2849265186479829,1.0,0.8528237437427707,1.0,1.0,0.5315172524760824,0.0,1.0,0.6979545963025583,0,-4.795024106025717
0.0,-1.4435297469810795,1.0,-0.8048495444144939,0.0,0.0,2.371785179036629,1.0,0.0,-0.6652874859598281,1,-3.4955682329752253
0.0,-1.6884510045717416,0.0,-0.46146427936415907,0.0,0.0,-0.6800767063695712,0.0,0.0,1.4006418549727782,0,-2.460003636487497
1.0,0.5086460073458622,1.0,-1.6482479220270478,0.0,1.0,0.9528301120877084,1.0,0.0,0.19909064288250258,1,-3.031497145106094
0.0,-2.071542594882345,0.0,2.536840940505251,1.0,0.0,1.9381025190762866,1.0,1.0,1.49667559989959,0,-2.412672714431441
1.0,-0.4658415792295994,1.0,0.13662609894707592,1.0,0.0,-0.4365059485955293,1.0,1.0,0.0367704499283555,1,-4.028317855786889
0.0,-1.2530532618083734,1.0,0.7909658099974476,0.0,0.0,-1.2423508693846919,1.0,1.0,0.4814193675765056,1,-3.6626528327115317
1.0,-0.7213877187924371,0.0,0.16121979835274114,1.0,0.0,1.5292283921715928,0.0,1.0,-2.0507954343372896,0,-4.295042155050643
0.0,-0.35163495877408224,1.0,-0.12902889343772828,0.0,0.0,-0.6955249041753087,1.0,1.0,-0.7804169766874928,0,-3.8861352226743144
0.0,0.4544207076666513,0.0,-0.2515830524945988,1.0,0.0,-0.675277824497285,1.0,0.0,-0.5862759233361264,1,-3.901200018748504
0.0,-0.0610683209174335,1.0,-0.8876572804302956,1.0,1.0,0.6577884352400031,0.0,0.0,1.7773497856652294,0,-4.30149639426937
0.0,2.2551712546191345,1.0,-0.7352897222212518,0.0,1.0,-0.4650984785999495,1.0,0.0,0.5836146746043821,0,-4.994402584727782
0.0,-0.23147661307842382,1.0,0.9035165444812695,0.0,0.0,-0.15590311380041993,1.0,1.0,-0.9895360605140588,1,-4.141668090021447
0.0,0.607610297326928,1.0,-0.07642279894747223,1.0,1.0,1.3333384406139612,0.0,1.0,1.5889183083887968,1,-5.222008912377811
0.0,0.18856354434331857,0.0,0.9945213207325949,0.0,1.0,-0.6465142450394414,0.0,1.0,-1.763114275297602,0,-4.9883134795573785
1.0,-0.09393174847206483,0.0,-0.5411592923128463,0.0,0.0,-0.28053672167356236,0.0,0.0,-0.29292146787157775,1,-3.687383240417774
0.0,0.7093939127323823,1.0,-1.015426963502251,1.0,1.0,0.03652673722330414,0.0,0.0,-1.1307508118056782,0,-4.70579650516545
1.0,-1.7228764867695099,1.0,-2.1595354072389674,1.0,0.0,-1.1350503717384286,1.0,0.0,-0.5839249782719096,1,-2.541348877898637
0.0,-0.004257233369053255,1.0,1.8005383018096834,0.0,1.0,-0.025238864861513926,0.0,1.0,0.33256266757218084,0,-4.72159777154898
1.0,-1.4889330587744527,1.0,0.2197998402706677,1.0,0.0,0.4076819330951419,0.0,1.0,-0.5694789577647504,1,-4.593189643931501
1.0,-0.4572903128060029,0.0,0.8786025694098335,0.0,0.0,1.503280609689384,1.0,1.0,-0.2860281370474061,1,-3.8015739117606673
0.0,1.6795147282180114,0.0,-0.2707357293548019,1.0,1.0,0.1011622593330382,0.0,1.0,0.7446827845782323,0,-3.908425080628437
1.0,1.1252886649656226,0.0,2.0124337917553428,1.0,1.0,-0.43238388996639965,1.0,1.0,-2.8302621544459265,0,-3.8480163452339684
0.0,1.142476112839292,1.0,0.242033965846871,0.0,1.0,-0.7677375278579864,0.0,0.0,0.36877432073514443,0,-5.42676597872524
1.0,0.04113136146456609,1.0,-0.26016223685211415,1.0,0.0,0.9656880466474471,1.0,0.0,0.3748140094399337,1,-3.830869457125035
1.0,-0.16533199106753127,1.0,-0.15702386303812535,0.0,1.0,-0.993365315343706,1.0,0.0,0.31635861852186953,1,-3.8003174200354954
1.0,-1.2018403253706658,0.0,1.4865635441038079,1.0,0.0,-0.1478143824706883,0.0,1.0,-0.0983119536501254,0,-3.884453895584136
1.0,-1.299427628532795,1.0,-0.6213774858556109,0.0,0.0,0.2119488641147431,0.0,0.0,-0.8100500105892525,1,-5.139817975232902
0.0,0.787914744248466,1.0,1.0325739395002833,1.0,1.0,-0.9291495728893289,1.0,1.0,2.2279046582804694,0,-3.9207261435528364
0.0,1.4316956696374026,1.0,0.9592702675817721,1.0,1.0,0.7161709629669727,0.0,1.0,0.4651453329227089,0,-5.762470082121947
0.0,0.2739276371548988,0.0,1.3570871644874938,0.0,1.0,-0.08361631463163631,1.0,1.0,-0.4849148172325132,0,-3.9576129349883735
0.0,0.6337043378556844,1.0,0.5351959770317815,0.0,0.0,-0.19793694587114782,1.0,0.0,0.6068083731031625,1,-4.82598278782163
1.0,-1.1970332644920647,1.0,-1.9758654475473818,0.0,0.0,2.0091322298421606,0.0,0.0,0.36730640851632257,1,-3.941311775388659
1.0,-0.6887537052252363,1.0,0.4002628035754964,1.0,0.0,0.9121324032531246,1.0,1.0,-0.2809129286665296,1,-3.760131723810834
1.0,0.6845072682603013,1.0,0.9382703313973049,1.0,0.0,-0.6153853813452623,0.0,1.0,-1.2483874444864098,1,-5.9550719010049225
1.0,-0.5022613558636024,1.0,-1.2470403945887611,1.0,0.0,-0.16203743370624443,1.0,0.0,-1.7010523404476814,1,-4.017891786859597
0.0,-0.2426350025221206,1.0,-0.4880423132933564,1.0,0.0,1.0192052083571792,1.0,0.0,0.0787668642451247,1,-4.065354330536724
1.0,0.4414447568309653,1.0,0.51698499537806,0.0,1.0,-0.2915664377217457,1.0,1.0,-0.7554332613947492,1,-4.2308618489063665
0.0,0.9831470194926694,0.0,1.1152111557723756,0.0,1.0,-0.4051534236991345,1.0,1.0,-0.8328035365082793,0,-3.955056679844926
1.0,-1.4109687768741181,1.0,-0.6353886313170437,1.0,0.0,0.9460468723216268,0.0,0.0,-1.6374437267031066,1,-4.291323665623415
1.0,1.0525428589202266,0.0,0.151364179393213,0.0,1.0,0.3316426624026948,1.0,1.0,0.38839643305005667,1,-3.6558037879466556
1.0,0.23569797608307225,1.0,1.10980209754268,1.0,1.0,-0.9476855376528446,1.0,1.0,0.5971484717127339,1,-3.7926932169654144
1.0,-0.21063832359875,1.0,-0.3982771464839979,1.0,1.0,-0.009795442480535483,1.0,0.0,0.2827766632718616,0,-2.9226931098659596
0.0,1.0945979313495349,1.0,-0.16091505260957595,1.0,1.0,-0.8322809474607413,1.0,1.0,0.8879428456676457,1,-4.421798259757917
0.0,-0.28681665834672576,1.0,0.5108022638267625,0.0,1.0,-2.554940660039444,1.0,1.0,-0.3585915514220712,1,-4.1396006903871445
1.0,-1.138958935912984,0.0,-1.724261349751325,1.0,0.0,-0.31611096097266284,1.0,0.0,0.3665179905884874,0,-1.2569365965278312
0.0,-2.57800834696253,0.0,-0.9208808277193485,1.0,0.0,0.9230966062185788,0.0,0.0,0.6718708567046388,0,-2.756405457896809
0.0,-0.4803357062348214,1.0,0.5360999018762129,1.0,0.0,1.0666437801715563,0.0,0.0,1.407501343648578,1,-4.724876478463381
1.0,-0.1452764163272943,0.0,-0.6192894749523887,1.0,1.0,-0.2511145136953561,0.0,0.0,-0.1087462311128517,0,-3.420687853896424
0.0,-1.326937592717935,1.0,-0.38317795122367754,0.0,0.0,-1.0160873011188982,1.0,0.0,1.3886466418988486,1,-3.148531892529421
1.0,-0.8780542444221836,0.0,-0.14290786867204272,0.0,0.0,0.6531291150007544,1.0,0.0,-0.1627059222862386,1,-3.200802478293603
0.0,-0.43845562820136175,0.0,-0.3787153161847094,0.0,0.0,-1.1784388078392969,1.0,1.0,0.3422197903890504,1,-3.6030182925155763
1.0,0.8416062284401518,0.0,-1.6565855438731327,0.0,1.0,1.1600978651196607,1.0,0.0,-0.2899832821502159,1,-3.364430127161189
1.0,1.5138471859253841,1.0,-0.15323363310687366,1.0,1.0,0.26628879300934266,0.0,0.0,-0.12914913160833777,1,-5.35561895926763
0.0,1.3211964158268634,0.0,-0.5806407862378783,1.0,1.0,0.38072624658155474,0.0,0.0,1.7795371682634316,0,-3.2752188408741687
1.0,-0.3264995819840414,1.0,0.9269589888971771,1.0,0.0,0.3193802952482182,0.0,1.0,0.43361430715433325,1,-3.9648624011030567
1.0,-0.17820594732705367,1.0,-1.3931540137271259,1.0,1.0,-0.6493571115422356,1.0,0.0,-0.4352129648067605,0,-2.844020737240557
1.0,-0.4358141066196521,1.0,-0.7836284925004843,0.0,0.0,1.2637379253667662,1.0,0.0,-1.1622880996721097,1,-4.075490698332365
0.0,-0.11589784109548028,1.0,-0.25062851995888097,0.0,0.0,1.1612403723569904,1.0,0.0,0.49896902176387736,1,-3.4898757765361466
1.0,-0.0020428906356996035,1.0,-0.8163050356514492,0.0,1.0,-0.62713897864697,0.0,0.0,1.8357005626490852,1,-4.1569180851972005
0.0,1.9089409684519631,0.0,-1.2798078082698405,0.0,1.0,-0.2919919828848826,0.0,0.0,0.20600571775808807,0,-3.863601048144478
1.0,0.785605146866547,0.0,-0.20358624789666255,1.0,1.0,-0.26477180767407843,0.0,0.0,-0.6237184982832228,0,-4.451689946131775
1.0,-1.174256449147248,0.0,-0.6375176380136927,0.0,0.0,-0.19594085740999437,1.0,1.0,-1.8281433030797507,1,-4.029023115545616
1.0,0.22603850878916196,1.0,0.8574677036353622,0.0,0.0,0.5983491619654593,1.0,1.0,-0.5408533944425808,1,-4.317939997053526
0.0,0.17465671038103958,1.0,0.8497122620774333,1.0,0.0,0.3580797071925679,1.0,1.0,-0.6117895655469021,0,-4.643613446151848
0.0,0.6299525004016081,1.0,0.053403366140488455,1.0,1.0,-0.4205846426729861,0.0,0.0,-0.21896466205288442,1,-4.9188212950235535
1.0,-0.21107476220284352,0.0,1.0862518567402626,1.0,0.0,-0.5683897676924379,0.0,1.0,0.969691746224428,0,-3.8658856390766276
0.0,-0.8328724896103147,1.0,0.9651622268888119,0.0,0.0,-0.4526526026456433,1.0,1.0,-1.004487583815963,0,-3.627010380507551
1.0,-1.2610497386187272,1.0,1.7358866447052284,1.0,0.0,-0.07959016989270423,0.0,1.0,1.0086998218308456,0,-4.023753080174112
0.0,-0.08794679676007099,1.0,1.5064878022340233,0.0,0.0,0.9205222054481588,0.0,1.0,1.5578054294415733,0,-4.4894760775509654
0.0,0.4633932360176696,1.0,-1.273600170270067,1.0,1.0,-1.2802566028417453,0.0,0.0,-0.6289442283492886,0,-4.813515484385883
1.0,0.05342463638058042,0.0,1.3472481033380665,1.0,1.0,-0.9198344617303322,0.0,1.0,-0.09452184742270675,1,-4.84969581772053
0.0,0.7863220568695307,0.0,0.2435837161195698,0.0,1.0,0.04401869627861387,0.0,1.0,-1.371358621084931,0,-4.737685305579096
0.0,-0.16159913373148221,1.0,-2.143305114842322,1.0,1.0,0.7374784126129662,1.0,0.0,-0.06812259250381388,0,-3.7426502827831776
0.0,-0.5801013151089255,0.0,-0.3621944248138405,0.0,0.0,0.49224147557620657,0.0,0.0,-0.28145339467940417,0,-3.448635957844943
0.0,1.0861393148114722,0.0,0.6588472050225058,1.0,1.0,0.7109418795213408,1.0,1.0,-1.4264293809135413,0,-4.54703914113947
0.0,-0.38625097918141804,0.0,0.14041667647983233,0.0,1.0,-0.4826107874173714,1.0,0.0,1.4289760973563503,1,-3.0943577470306747
1.0,-1.3159325089912244,1.0,-1.1749705106945634,0.0,0.0,-0.7331732497259653,0.0,0.0,0.2112400738872595,0,-3.433926966287689
1.0,0.00145837924371285,0.0,1.1566387669533855,0.0,0.0,0.11396562252679068,1.0,1.0,-0.7407402501459752,0,-3.46732328693577
1.0,-0.745438251605476,1.0,-0.5780375365814079,0.0,0.0,-0.7936665146340454,1.0,0.0,2.2154258422495055,1,-2.937552972775939
1.0,-0.48795883062202844,1.0,0.7798019623522411,1.0,0.0,-0.11094298960871497,0.0,1.0,0.98851526379054,0,-3.984175927749381
0.0,0.023452962031164124,0.0,0.7917583098372061,1.0,0.0,0.8999640952062786,1.0,0.0,-0.5609003677644468,0,-3.6887187536461696
1.0,-0.4640685450556925,1.0,0.046034018268274954,0.0,0.0,-0.20461264875296514,1.0,0.0,-1.4876025261320767,1,-4.433808058775318
0.0,-0.30118621746826085,0.0,-1.0879094267690204,1.0,0.0,-0.28365515074561554,0.0,0.0,0.23285095974800668,1,-4.109414004245354
0.0,-0.2637532424490898,0.0,0.4920560781865902,1.0,0.0,1.4881583176561666,1.0,1.0,1.9679245597868935,1,-3.2774315159983516
1.0,3.8134195807090463,0.0,-0.09954331732422579,0.0,1.0,-0.06320364031356338,0.0,1.0,-0.19785171228819734,0,-4.9537211584556475
1.0,-0.15333788292638284,1.0,-0.2907956652205866,1.0,0.0,0.0837581029081788,1.0,0.0,0.5776498190840863,1,-3.679084446271515
1.0,-0.06588673966259341,1.0,0.20966341352042578,0.0,0.0,-0.02565800149659208,1.0,1.0,3.3719466213176448,1,-3.232070334607407
1.0,0.4859925965834857,0.0,0.4491389448030186,0.0,1.0,-0.037593969610224216,1.0,1.0,0.8695553190923778,0,-3.3659275029186135
1.0,0.19957815465865125,1.0,-1.9757291219047604,1.0,0.0,1.046208832544879,1.0,0.0,1.5915458778070164,1,-3.2941411368015916
1.0,1.374731979038919,1.0,-1.6570854930935583,0.0,1.0,0.783990085645822,0.0,0.0,0.23805843082917214,1,-4.3563226606771135
1.0,-1.2754520631679964,0.0,2.945774588935097,0.0,0.0,-0.43198519210324154,0.0,1.0,-0.5381612721416802,0,-3.8859058405852256
1.0,-1.147549203626851,0.0,1.0927286112308294,1.0,0.0,0.2548521800667356,0.0,1.0,-0.8306148522582877,0,-3.6620685730842446
1.0,1.2760023840827515,0.0,0.2556446800768831,0.0,1.0,-2.03125383920069,0.0,1.0,-2.7179495900448,0,-4.896890523791211
0.0,-1.522620395611577,1.0,-0.47228784241474886,0.0,0.0,1.0814727617319464,0.0,0.0,-1.6268827366728784,1,-5.299429553582159
1.0,1.7174035422854346,1.0,-0.3226106453448099,0.0,1.0,-0.06353793802041305,1.0,1.0,0.0993667089790276,1,-4.777127286097914
0.0,-0.5244953463803289,0.0,0.8265452322871751,0.0,0.0,-0.6993118733211142,0.0,1.0,-0.3371751295050101,0,-3.9074970643921447
1.0,-0.3804269563287359,0.0,1.3041654057045675,1.0,0.0,0.345425874083293,0.0,1.0,-0.45953350542432864,0,-4.3934441034268295
0.0,-0.5209609135153055,1.0,-0.11953516148594825,0.0,0.0,-0.9763112049226986,1.0,0.0,1.2904887562509049,1,-4.0712099991441875
0.0,-0.8379012518456674,1.0,-0.4905253004762752,1.0,0.0,0.6168026062492242,1.0,0.0,1.0305548873741839,1,-3.912871700386415
0.0,-0.6419729602080577,0.0,-1.5603111655478668,0.0,0.0,-0.5040408457345609,1.0,0.0,0.4383276843405567,0,-2.3232047509942326
1.0,0.5712098718921856,0.0,-1.4670619672109757,0.0,1.0,0.18631503404512664,1.0,0.0,0.18038690397166665,1,-2.5702722253106103
1.0,0.045723653712412965,0.0,-0.11173031139866493,1.0,1.0,-0.18255923267555912,0.0,1.0,0.5061159739126572,0,-3.9623365449191477
0.0,-0.18825919366295424,1.0,0.5946994729101713,1.0,0.0,-0.29580387879475106,0.0,1.0,0.7665834932155665,1,-5.683260424514834
0.0,0.8687605922909366,0.0,-0.08479734952878856,1.0,1.0,-0.20009921855732898,0.0,0.0,0.8730782974733619,0,-4.257546230888215
1.0,-1.0325498142132472,1.0,-1.2818285700258683,1.0,0.0,1.3058313070580496,1.0,0.0,-0.2757765461536848,1,-3.355829001156681
1.0,-0.5919669589476731,0.0,0.05124722762160917,0.0,1.0,0.1696894437839791,1.0,0.0,-1.627212737509044,1,-3.2098591470800653
1.0,-0.2305039922353792,0.0,-0.8900663047089064,1.0,0.0,-0.5704481787550304,1.0,0.0,-0.3258493868631455,1,-3.333633573232169
1.0,0.24256225416660468,0.0,1.2328496896289807,0.0,1.0,0.31775245101771155,0.0,1.0,-0.4858906302829192,0,-4.300324342312252
0.0,-0.36778886743382433,0.0,0.2059657978255422,1.0,0.0,0.5866355117446783,0.0,1.0,-0.7141683829770059,1,-4.174320411616068
1.0,1.0296083456727487,1.0,2.494421388032635,1.0,1.0,-0.5164489190544082,1.0,1.0,0.8811283923868946,0,-4.019078813845948
0.0,-0.01198757115067144,0.0,-1.1381644432034046,0.0,1.0,0.5715895046764531,1.0,0.0,-1.2061823348650986,1,-3.4366466826276247
1.0,0.4934948891497501,1.0,0.2830409416714531,1.0,1.0,-1.3222619727280758,1.0,1.0,0.40538762497349706,1,-4.19065350626683
1.0,0.6169436198489489,0.0,-0.17655142255266185,0.0,1.0,0.36652817372318064,0.0,0.0,0.8802510728694115,1,-3.8218014749939395
0.0,0.3479123774782783,1.0,1.1547910439113487,1.0,1.0,-0.24830688407804036,0.0,1.0,-1.3622498313585785,0,-5.145347880803675
1.0,-1.7367482317113043,0.0,-3.0823447383021807,1.0,0.0,-0.4943152772794968,0.0,0.0,-0.13244734513300643,0,-2.8586360259329915
1.0,-0.46823110430669007,0.0,-0.7451518531970179,1.0,0.0,-0.3046939878369206,0.0,0.0,-0.03325991352182023,0,-3.107630223576537
1.0,-0.24290578904941276,0.0,-0.10350924732229844,1.0,0.0,-0.8662794905563239,0.0,0.0,-0.0017105476311799412,1,-3.9161557384790733
1.0,-0.16987796792390403,0.0,2.028719750480703,1.0,0.0,-1.0188607851220268,1.0,1.0,-0.09998979152006028,0,-3.7204396778781894
0.0,-1.0086340809153738,0.0,-0.45305694746363473,0.0,0.0,1.0570647143438598,0.0,0.0,-1.1030208561557362,0,-3.6336888315477966
1.0,0.343621161049825,0.0,0.1010775735010326,1.0,1.0,0.06619254681302499,0.0,1.0,1.0933338587322936,1,-4.001952656013767
1.0,0.3386215437692128,0.0,3.0931664837125648,1.0,1.0,0.36343302011953393,0.0,1.0,-1.2607738662164747,0,-4.737634378653594
0.0,0.758657123728922,0.0,-1.7037694950351976,1.0,1.0,0.8189100871042659,0.0,0.0,0.6015335887511414,0,-2.907908958286055
0.0,0.5719211904553975,0.0,0.4914670130833431,0.0,1.0,1.653117257197251,1.0,0.0,1.0108622357273451,1,-3.6779908501893934
1.0,-0.007375437699467673,1.0,-0.9633635724691652,0.0,0.0,0.09398316575149274,0.0,0.0,0.21307750724338093,1,-4.564683221677
1.0,-1.27315322566037,1.0,-1.9331849596577013,0.0,0.0,-0.007256093860714047,0.0,0.0,0.14624041964364093,1,-3.675440006732395
0.0,-0.012578326836793175,0.0,0.9262549934366064,0.0,1.0,-0.7770055005971112,1.0,1.0,-0.22085250537703296,0,-3.706360612582081
1.0,-0.3921074310948139,0.0,1.3839749809951551,1.0,0.0,1.3208901110995435,1.0,1.0,-0.4904735446208924,1,-3.8334467637874736
1.0,0.3179457969425274,0.0,0.9568351808360709,1.0,1.0,-1.39656019032806,1.0,1.0,0.004893673985709111,0,-3.4987796227018753
1.0,-0.8687144147328869,0.0,-1.03277629984195,1.0,0.0,-0.9122586775765269,0.0,0.0,-1.0987098708910426,0,-3.8415013137574583
0.0,0.8812524272795409,1.0,-0.18655364608753172,0.0,1.0,0.5436727592885258,1.0,0.0,-0.04455646024728022,0,-3.5837335241180637
1.0,0.6627571703479522,0.0,0.38189339579283715,1.0,0.0,0.373874000870004,0.0,1.0,0.734903644770228,1,-4.8147890230630015
1.0,0.583995209935905,1.0,0.39922267945112333,0.0,0.0,-1.2732943220821769,1.0,1.0,0.9128396626442027,1,-4.296075859580096
1.0,0.32568044297355203,1.0,0.8644026334316839,0.0,1.0,-1.228468774310182,0.0,1.0,0.3968594520877396,1,-5.59901445201682
0.0,0.20705208136089012,1.0,1.332139963575242,0.0,1.0,0.6863270337466308,1.0,1.0,0.14842063979078068,1,-4.520551447299636
1.0,1.6049907153552783,1.0,-0.46660598537695724,1.0,1.0,-1.118295663480064,0.0,0.0,0.37688489065791037,0,-4.7243270032905285
1.0,0.8789279700478413,0.0,-0.5475105317069244,0.0,1.0,-1.5110143085252425,0.0,0.0,1.1914485476042238,1,-3.7815384118983344
0.0,0.9934522059099702,0.0,-0.1359484365249743,1.0,1.0,1.3666819670640509,1.0,0.0,-2.3847887295010355,1,-4.715078405974457
0.0,-0.992172995582834,0.0,-0.5979354427568758,1.0,0.0,-1.4914851781047211,1.0,0.0,-0.8553116490659065,1,-3.4724329274207815
0.0,1.487927792816445,1.0,-0.1760969423226581,1.0,1.0,-0.14659086089563794,0.0,0.0,0.06772823023715238,0,-4.922670741638305
0.0,-0.7487523895650982,1.0,0.7068026260676702,1.0,0.0,-0.5058663685867204,1.0,1.0,-1.4266157671067299,1,-4.6734021973255295
1.0,0.8083787453139685,0.0,-0.9770640254178148,1.0,1.0,1.6575662937988478,0.0,0.0,-0.10505847643419206,1,-4.677084106049453
0.0,1.5972628726051925,1.0,0.16305872158591542,0.0,1.0,-1.259023880980196,0.0,1.0,0.10919264374430093,0,-5.215467574464172
1.0,0.8182622475748573,0.0,-1.4344740421607745,1.0,1.0,-1.6547147496670354,0.0,0.0,-1.4998281261632826,1,-4.017301763360808
1.0,1.2594313895132103,0.0,0.42799076990216256,0.0,1.0,-0.3891213884845168,0.0,0.0,-1.7288273563668037,0,-4.520340204523739
1.0,-1.8575619980600382,0.0,2.239956026639855,0.0,0.0,1.4548159974613792,0.0,1.0,1.249404487585599,1,-2.9042478588001743
0.0,0.15567763270556587,0.0,-0.3462539256140549,1.0,1.0,0.46263976136191415,1.0,1.0,0.2619612292484668,0,-3.2952692872138356
0.0,-0.6956682221012359,1.0,0.25715016620843534,1.0,0.0,-0.3890346033319813,0.0,1.0,0.25598025870429775,1,-5.049432311498261
0.0,-1.4762374338512645,1.0,-1.4353633872069924,0.0,0.0,1.1207947248857912,0.0,0.0,-0.6042504304970283,1,-3.992035815210144
1.0,0.7986165021234596,0.0,0.9004098672326678,0.0,1.0,-0.7045344168633602,0.0,1.0,0.5778867131823342,0,-4.371532730607198
1.0,0.12406076486587962,0.0,1.4111704469690833,1.0,1.0,0.4683229538825614,1.0,1.0,-0.655137415550077,0,-3.784579215469127
0.0,-0.5653767349580694,0.0,-0.7527654573205897,1.0,0.0,0.032409038694285,0.0,0.0,0.8604260523179643,1,-3.6049156788041836
0.0,-0.1027318647893007,1.0,1.071883366585601,0.0,0.0,-0.10016407258594638,1.0,1.0,-0.6204478669006871,1,-4.812158083811145
1.0,-2.2852013270715927,1.0,0.865869099065938,1.0,0.0,-0.6436853745331655,0.0,1.0,1.4278466604867117,1,-3.4582311646265986
1.0,-0.8423687924622717,0.0,1.6879498762371543,1.0,0.0,0.231457650590428,1.0,1.0,-0.6528818524963743,0,-2.635369904888503
1.0,-0.5179058607693009,0.0,-0.4853916536008474,1.0,0.0,-2.125245174987737,1.0,0.0,-0.9159300906841052,1,-3.003290155069242
0.0,-1.6359055468663373,0.0,-2.1410227300196136,1.0,0.0,1.2697124602697798,0.0,0.0,-0.18625142724224264,1,-3.4416302893134127
0.0,0.04528696594338318,1.0,-2.1089385615040697,0.0,0.0,-0.3321610565473972,1.0,0.0,2.0179503670566596,0,-2.9251850767742433
0.0,-1.6180623311963889,0.0,-0.9196451607568701,1.0,0.0,-1.3477518061612264,0.0,0.0,1.9315142509484566,1,-3.116465183820206
0.0,-1.648772047162201,0.0,-1.2550247152211473,1.0,0.0,0.05966659026837996,1.0,0.0,1.6107992583509496,0,-1.9415952863654613
0.0,-0.08308415430812052,0.0,-2.192608894209493,1.0,1.0,-0.13702027514812115,0.0,0.0,-1.2495371715142436,0,-3.8210669913376143
1.0,0.7144832299819964,0.0,0.22262291376495952,1.0,1.0,-0.550477781993136,0.0,1.0,0.8327305959629246,1,-3.8655823296817817
0.0,-1.0832716423977946,1.0,-0.34025259442914046,1.0,0.0,-1.4256539847325298,0.0,0.0,-0.40924929524661835,1,-4.106981521167043
0.0,0.9654899426317355,0.0,0.9232371704082949,0.0,1.0,0.9240891672383714,1.0,1.0,0.3425978098139379,0,-3.5934713657424653
0.0,0.14432093953774758,0.0,0.7164247135711157,1.0,1.0,1.0234308156898089,1.0,1.0,-0.396566577605763,0,-3.898751245358481
0.0,0.4876431801985887,1.0,0.03016621239538543,0.0,1.0,0.04455964550057628,0.0,0.0,-0.15326304716976336,0,-4.055254421206849
0.0,1.102585461756311,1.0,0.6557878722838734,0.0,1.0,-1.8825871585407896,0.0,1.0,0.3097480773922798,0,-5.548828101999263
1.0,-0.7678297512278529,1.0,-1.3407250501731791,0.0,0.0,0.2499552179501483,1.0,0.0,-1.0036550508458078,1,-3.6557635056747015
0.0,-0.6547938200378812,0.0,-0.674089322854167,0.0,0.0,-1.3897756017641723,0.0,0.0,-1.706970794081229,0,-3.8956035957353534
1.0,-0.17971998400514688,0.0,1.6731778600820602,0.0,0.0,0.49374262103564026,1.0,1.0,0.7876246579509751,0,-3.0599981379448415
1.0,1.362347440152057,1.0,0.8015724286610935,0.0,1.0,-0.19174056665145797,1.0,1.0,-0.6528418324617158,0,-4.940599265111156
1.0,0.3685131094411624,1.0,0.17405799821176854,1.0,0.0,-1.995391425835873,1.0,1.0,-1.1576344512640662,1,-5.050427452304108
1.0,-0.3373933987410892,1.0,-1.187541994383614,0.0,0.0,-0.2372234963218592,1.0,0.0,0.584190361744363,1,-4.028187319438127
1.0,-1.048244872166249,0.0,-1.0791660584475036,0.0,0.0,-0.11833871421736106,1.0,0.0,0.40868267798649427,1,-2.6815755064355167
0.0,0.23265330385211463,0.0,-0.8441472612969111,1.0,1.0,-1.3136724606654273,0.0,0.0,-0.49155993676055176,1,-4.17360178590606
1.0,1.1230125605096053,1.0,-1.096970966873738,1.0,1.0,-2.6938998539683374,0.0,0.0,0.704115189664439,1,-4.802641126387879
1.0,1.3332960705731907,0.0,0.974065069321652,0.0,1.0,0.49191703873088033,1.0,1.0,-0.27988186136262955,0,-3.342151671019617
0.0,-1.2278186240454987,0.0,2.2242329305988395,0.0,0.0,0.0703200254183023,0.0,1.0,0.7759645694201937,1,-4.363642868273147
1.0,-1.3846675699186608,0.0,1.549860835924518,1.0,0.0,-1.100798507545255,0.0,1.0,1.1599777557410116,1,-3.450485107765041
1.0,0.3307553705938449,1.0,-0.5813843654235017,1.0,1.0,-0.07792842553237896,0.0,0.0,-1.2468828134862584,1,-5.102463054171741
0.0,-0.2927932102778571,0.0,-0.3130113715616774,0.0,0.0,0.14197088449686404,1.0,0.0,-0.1671934009104884,1,-3.580726575025063
1.0,0.0892010663175405,1.0,-0.04358092589918171,0.0,0.0,1.1215521172365623,1.0,1.0,0.6435934641176263,1,-3.981207185464645
1.0,-0.3301085053885842,0.0,-1.3591222353653025,0.0,0.0,-1.2950120732333907,1.0,0.0,2.030605551890641,1,-2.6901462506769147
0.0,-0.5142373096065813,1.0,-0.8709859725623016,0.0,0.0,0.17057272723283481,1.0,0.0,-1.1749652584872428,0,-3.7318799149770165
1.0,0.3734331226431188,0.0,0.5021894160144853,0.0,0.0,-0.5515994310760223,1.0,1.0,-1.9217423263803182,0,-3.7044070694058586
1.0,0.9480762039821377,0.0,0.7844902463760117,1.0,1.0,0.6267518140258275,1.0,1.0,0.7349305094969165,1,-3.8592126697233144
0.0,-0.5849514129426362,0.0,0.5641962117935397,0.0,0.0,-1.4840622199213902,0.0,0.0,0.19769832845022856,1,-3.8993753564437896
0.0,-0.06922513330478737,0.0,0.14569974040237313,0.0,0.0,1.1977305851993612,1.0,0.0,0.8067139500930608,1,-3.8798689503312227
0.0,-1.1770312838877788,1.0,-0.374880100982937,0.0,0.0,0.025551116990360938,0.0,1.0,-1.9266587916982947,0,-4.569094610077283
0.0,0.2302940797636665,1.0,1.3368181721901335,1.0,1.0,1.5469713153387772,1.0,1.0,-1.0275215452238489,0,-4.587493243366631
0.0,-0.18645233152567378,1.0,-0.7916301005957528,1.0,0.0,0.6361764314620132,1.0,0.0,-0.8987957327384795,1,-4.085155831093632
0.0,1.520991372714399,0.0,-0.051234964572315835,1.0,1.0,-0.3936114499924505,1.0,1.0,-1.9577522677260057,0,-4.3482947795965385
1.0,0.41861213933674135,1.0,-0.43122500165248356,0.0,1.0,0.03263032824003399,1.0,0.0,-0.7122261889571084,1,-4.367437839503453
1.0,0.5647614270459737,1.0,0.8270281985297322,0.0,1.0,-0.8353111189564633,1.0,1.0,2.5369492190716154,0,-3.679631017611259
0.0,-0.5644184801492358,0.0,-0.0350590268131532,0.0,0.0,-0.2456511479319254,0.0,1.0,-0.3292266096721514,0,-4.005326691058837
0.0,0.7832716074424392,1.0,-2.284733585161151,1.0,1.0,0.48368020640288917,0.0,0.0,0.09834340526655432,1,-4.264294949023853
0.0,-0.5715200271533188,1.0,1.3165046026065375,0.0,0.0,1.6141203718679307,1.0,1.0,1.6553642559616148,1,-3.98956914731503
0.0,1.3971873713596987,0.0,-0.24654376739471706,0.0,1.0,2.3041110670848957,1.0,0.0,-1.1878476847306985,1,-4.698057774146812
1.0,1.031741760867278,0.0,1.6597011268852047,1.0,1.0,-0.21535032296471499,0.0,1.0,1.049866918576365,0,-4.049284349912084
0.0,1.122462347996685,0.0,-1.2183553549371526,0.0,1.0,-0.03701204119978829,0.0,0.0,0.14818070814924159,1,-4.475809254426076
0.0,-0.03558907013581366,0.0,-0.48878444516819347,0.0,1.0,-0.8838123357406922,0.0,0.0,-0.5717830588968713,0,-3.480354937262883
0.0,-1.3301467589549834,1.0,-1.6673632802339777,1.0,0.0,0.45066790965871595,0.0,0.0,-1.1064030571244545,0,-3.950601082515842
1.0,0.9261037484235068,1.0,-0.43436626544363366,0.0,1.0,0.22810692361474513,0.0,0.0,-0.17820770100883832,1,-4.441002628678694
1.0,0.7182127930909492,0.0,0.453860389577452,1.0,1.0,0.779130806956179,1.0,1.0,0.37800343942364734,0,-3.3221840254495705
0.0,-0.5477744627201897,0.0,-0.3132555107111253,1.0,0.0,0.32105161254099274,0.0,1.0,0.6901185429694454,0,-3.779580696640889
0.0,-0.3557576007654295,0.0,0.28606328867466013,1.0,0.0,-1.1578283836334347,0.0,1.0,0.09406826110626826,1,-4.132171432589558
1.0,1.3658671582426327,0.0,-0.013857123727629664,1.0,1.0,-0.6874702242520252,1.0,0.0,1.1069503852252798,0,-3.567389519989903
0.0,-1.2018973578565526,0.0,1.6702768250561295,1.0,0.0,-1.5158772447087112,1.0,1.0,0.4372518380796187,0,-3.3764885905932442
0.0,-0.8091287301914746,1.0,-0.9859927314718715,0.0,0.0,-0.6142669258392449,1.0,0.0,-0.26006366799081254,0,-3.166147645045814
0.0,-0.37778476676874556,1.0,-0.19516991089937485,1.0,0.0,0.7882490485573426,1.0,0.0,2.120328131563698,1,-3.5372334754792525
0.0,0.2827224464524129,1.0,1.0379431840493034,0.0,1.0,-0.5011213262310263,1.0,1.0,-0.024421623861745977,0,-4.508228790050527
1.0,-0.15189264422378865,1.0,-0.42596875976092136,1.0,1.0,-0.49412506553306473,0.0,0.0,-2.768428803220601,1,-4.76422604532735
0.0,0.7707397358351933,1.0,1.9195077684227417,1.0,1.0,1.329963287118241,1.0,1.0,0.2430638065781484,0,-4.729990702668963
1.0,-0.6901471019418993,0.0,-0.010618886212839417,1.0,0.0,0.6976630823522149,0.0,1.0,0.6645069082009666,0,-3.5443864520709703
0.0,-0.09873636947493888,0.0,-1.5009871860451136,0.0,0.0,0.3822923068448965,0.0,0.0,-0.5683191270986728,1,-4.242190977562659
0.0,0.7918221797952696,1.0,1.295790602872453,1.0,1.0,0.4655017191437483,0.0,1.0,0.48889077963782196,0,-4.6699639793193075
1.0,1.601458871343073,1.0,0.36880226723049575,1.0,1.0,0.6024419244228333,1.0,1.0,-0.34683000910398076,1,-4.750570432796664
0.0,0.8559930165286128,0.0,-0.7226120810486906,1.0,1.0,-0.9651260787022866,0.0,0.0,0.739720301805238,0,-3.5180579000919647
1.0,-1.632208899967521,0.0,-0.4954846851532194,1.0,0.0,-0.4999650910780138,0.0,0.0,2.073086466365632,1,-2.5393786295409138
0.0,0.4864029143085437,1.0,0.7427916328286357,0.0,1.0,-1.4974384030543015,1.0,1.0,2.0759739884368837,1,-4.379161332180277
0.0,0.07159695302579461,0.0,-0.46137893483503295,1.0,1.0,-0.5544502869118173,0.0,0.0,0.5835411205460993,0,-3.341955559912955
0.0,0.5994248786300245,0.0,-1.3279987744461748,1.0,1.0,-0.2832943281553561,0.0,0.0,0.5598297273599758,1,-3.5476542157525564
1.0,-0.10044728919644745,1.0,-0.12844720334684992,1.0,0.0,1.0860066925709442,1.0,1.0,0.9204551835325528,1,-3.395948922631984
1.0,-0.05395435945843574,1.0,-0.2002754356938185,0.0,1.0,-1.959254824412345,0.0,1.0,1.9821193880504386,1,-4.651943225400204
1.0,-0.4493793840540427,1.0,1.71693650377592,0.0,0.0,0.0367250354475282,0.0,1.0,-0.6050207434076513,0,-5.2875488509424144
0.0,0.051851955282566,1.0,-0.46903991084045676,0.0,1.0,0.03872541388021952,1.0,1.0,0.4811527206406776,0,-3.750890093111513
1.0,1.1510903995825295,0.0,-0.2920977818472715,0.0,1.0,1.0779974443937785,1.0,0.0,0.005497160461990978,1,-3.393946900398482
