x1,x2,x3,x4,x5,x6,x7,x8,x9,x10,Z,Y
0.6041415095082038,-0.45764882786342215,0.21175149407595803,363.9921807774988,0.9057170741292582,-0.8521703486611631,-1.3982109133374812,1.4985115566754241,0.6969233141187834,2.2209429464389037,1,195.6760755205312
0.8026718275752042,0.08606199138128062,0.19947526560346948,424.81177464372166,0.2121199559755835,-0.8183746801444249,0.48516551345287773,1.3888636504363492,-0.7829807262111733,0.9966600179200724,0,197.11226283360207
0.3557250222029922,-0.4535167718735315,0.22082809676468387,382.9297250329437,0.23670803147715488,0.7795026932675843,-0.03532998460598385,0.009453627877035716,2.3337917834139645,-2.136703677838287,0,210.9905441560647
0.5103246508851792,-0.6155106546637195,0.21468067891776313,371.1226408001085,-0.5272227023631829,0.6296694472656701,-0.9738923716826766,-0.21564971510847586,0.39215253692991286,-0.15334945936520752,0,215.54372473403205
1.2165965730973232,-0.3079995959045575,0.22284507290678954,343.6882775385405,-0.0513892031500308,-1.4659955509889109,0.8679541642316771,0.46172605632179514,-1.1026681248446863,0.2900422143003625,0,194.7780069143374
0.08024962422825048,-0.9470464272907213,0.4156564757546567,317.7639349729118,0.943147686396166,-0.23190015019200222,-1.380095175937246,0.8966498998851374,-0.1619028330648535,-1.0805842960134964,1,101.82367387098262
0.7826193029485157,0.5066405655173727,0.22700361192020166,476.79294263416756,0.3400104008971293,0.4535733980946037,2.0469667896170263,0.2851062805934255,-2.2399519325305444,-0.9659213379348144,0,176.2544067719258
2.929627405119046,-0.0639946594552377,0.31728575244511303,347.01576679116096,-0.22374921585268573,-0.2566100751770212,0.39037059653937456,0.7109045273733808,-0.8186238048902649,-0.0815386016261093,0,175.94223119083665
0.9563128170744839,-0.04849781558523948,0.20180531370759588,395.3646687624972,0.4078723617885811,-0.6960316494438867,-1.8288837846814818,0.4650195886656124,0.0025876667241889824,2.277946794305015,0,195.7492260186568
0.8335425710680621,-0.28122423740777536,0.1761606284309101,373.16625661740346,-0.773497099088228,-0.5145574354056526,0.2699955109613939,-0.7219745029952161,-0.12201108919696647,2.30507996761741,1,188.2417757366466
1.8216570639509575,0.2786816432482218,0.11925346115992949,483.15351710974903,1.4423492915320637,-0.07435329624264385,0.5315060986494943,-0.1805561743428543,1.3951747625847724,0.23984437700295955,0,182.33514420378086
0.04176468972560304,-0.09119983164616048,0.21403482193725432,364.5651820950659,0.5359374850860572,0.2751642581480714,-0.2788658465735703,-0.46543657098325303,0.7388011968587312,-0.18222222324433826,1,130.45762882213765
1.8331088075976791,0.0965781488064725,0.2183696441053689,420.88645902971325,0.2713232414068642,-0.319192487857645,-1.046286799208319,-1.5547039298361451,-0.3442725229588832,2.7232863431743444,0,178.88577877178872
2.4041951079914994,-0.12004100157712355,0.19032923451364556,447.6746055354681,0.17160395517385257,-0.07089855601180298,0.31957988798907583,0.6645860290413119,-0.2659951422970116,-0.10752672265212596,0,173.47904409544194
0.5738627542732337,-0.1345081680321831,0.22250836577158237,326.2867929839079,-0.8647091933493052,-0.2776137230758596,0.9634218350201286,0.9813307996847598,0.4747259619152108,-0.24121908885779123,0,203.6054884502296
2.4362547136544372,0.07168685672260494,0.17658432572206742,464.2520118133057,0.8050921781593209,-1.869912292822063,1.0752813053984083,1.4774485678186038,-2.3570778028076766,0.8915577688540168,0,171.99300879854133
0.08712962650704167,0.047591182504841026,0.07760867656958648,403.25192630141106,0.1925418824676566,-0.02759574196847016,0.2046435194275736,0.015728436434356036,-0.9460157584028168,0.41411714058094795,0,206.77962487651746
0.158225736786852,0.03541539890777574,0.3321056252937301,416.6227452496956,-0.7758167990790039,1.9232581425904776,-0.3465361644379568,0.9558376058735286,-0.6762616454304683,0.46067070530920984,1,157.16706540835983
1.3028417030448458,0.2273564459474335,0.18972636768848303,433.44550970285326,0.9625216791606885,0.6777890646631368,1.2496636148057867,0.71520591167769,-0.7772240355319671,-0.02608518702591841,0,183.94327307564217
0.6774719081970766,-0.23905130649169645,0.20132391409339334,315.0984303122433,0.9649712389271453,-0.28654764817456135,1.5817620305713256,-0.14316260110867177,0.06956045915130296,-0.39127386781087203,1,173.79116423254047
2.354700020212897,0.0484333338710423,0.20114934577659382,389.7606061342453,-0.15260221737170948,0.6798959079912287,0.08005719445062465,0.8880710019709869,0.36333805147364495,1.7366860928845638,0,182.0105673616877
1.4684144843734737,-0.034459464420938,0.2126509068048596,370.7930433451939,-0.5551147899655081,-1.4415843269175483,-0.8064933993966239,0.18196367736612531,-0.2977549915207051,0.7083827528062793,1,228.10063888783228
0.7039202474968352,-0.14255659228661233,0.21305936205107434,395.0787734004965,0.95143504162605,-0.801369528012467,0.5872071287359176,-0.183098097880865,0.026955092073654242,-0.5623139206007419,1,215.44255342938544
0.10064775356547546,-0.3064252188655996,0.15007145864081145,390.2083329591785,0.11728587913437452,0.07835881950271709,1.1130273133812452,1.358587692910262,0.8456664868956049,0.2475762448321775,0,215.51713268501817
0.12788976015226333,-1.9030284879990442,0.2757538610995801,237.21732906972622,3.11008393928252,1.8830123849329083,0.7322829904079172,0.21284834785882445,0.604783028365457,-0.3756509422885465,1,95.68400297510435
0.6066664682006258,0.15010244917854298,0.22376555979952947,335.6545632455119,0.7767684643603199,1.2410782261174118,-0.20741248186863817,1.9065900050624514,-0.1914677801279391,2.076396953850478,0,202.00369538757496
2.8888367431863204,0.04180187681659351,0.12136337138596394,471.44570524357647,1.3938542855517213,-0.5422106184054872,2.541269658661569,-0.6161330428312785,-1.3747249691231216,-0.022339622141422672,0,174.39924201482717
0.3320733443928475,0.44787323181992467,0.19858334003642575,374.907623984818,1.4607239648130603,-0.11408379496195115,-0.6377981134220753,-1.71111495865973,1.6751053763632509,-1.0615278904518237,1,203.13267620556093
1.2314800341893903,-0.34022860273345495,0.20157119594601774,322.6999551296959,-0.8905559448947314,1.185364078514899,-0.4513742352443057,-1.3183786744916708,-1.1744000881953145,-0.6491464088403958,1,201.86016434061142
0.10334721115464118,0.6528076815397892,0.3010370884955653,439.90817952449606,-1.3694929066160244,-1.9895845709606494,0.36496917880674035,0.3635665175398811,-1.1847609515645117,-0.7825415967740139,1,166.23549637532435
0.2851763773728205,-0.023172692887448016,0.2344762379079384,379.220537938082,-0.44473005903267565,1.4018409972462034,-1.7915209654837487,0.3320847333595521,1.1766095234781955,0.1824166236010734,0,217.06197309031396
0.7870990146990544,0.07482867821181452,0.18799785917889422,336.9850430429117,1.4632477008624931,-1.5291069490883398,-0.48622220011742967,0.5874366391909188,-1.0413124503922326,-1.758122832688137,0,215.54101831973222
1.0037350396953748,0.24109144746170652,0.273152921964933,452.00997040901063,-0.16030499128706033,-1.3695522428054538,0.40952196014774095,0.11883650372617248,-0.04318135573449583,1.2723037336813277,0,169.33976042436944
0.18956309958085296,-1.0965633537873194,0.3376724061777721,338.33925345321546,-2.5229566815892066,-2.2433188988389468,-0.8939662780330937,-0.08787792060869323,-0.19434019198157954,-0.550816892192541,1,127.23970250729668
0.5932736559377925,0.34579533747106356,0.2046667337253025,523.7558835819881,2.2232674320971144,-0.7311847691460113,0.3708240339625166,-0.4702847242622632,0.47482779762855976,-0.8734255114402968,0,186.7651161501103
0.2620276458629545,-0.4730713955311725,0.1921272241791608,351.711643727918,1.2542441518988123,0.0670775533166404,0.89127330740984,2.211915705481217,-1.7912074858113527,0.9971505217100564,1,187.773389773975
0.7985845884972068,0.4995161681594934,0.22870125082018755,478.86910830267203,1.309249983558103,0.5925405167872121,1.0025883218189975,-0.5973499911734592,0.5193716927899861,0.7571582255648316,0,179.248985540411
0.9910887169275229,-0.4458153008610618,0.24957588389895247,410.5756862232883,1.4483230098283941,0.8676102170283712,-0.24203846263483844,0.5544240359885253,-0.7919396285035045,0.8959278696990606,0,181.54405192400478
0.3119144204515373,-0.4085242823137278,0.2144762421513754,378.9004371638886,0.2691344402818406,0.9332248967868673,0.909007069286073,0.9215431278425997,0.21488076797739689,-0.42570031432643707,0,208.989314460161
1.238637090724032,-0.5622836060318491,0.18749568537654238,401.1326220948214,-0.6649011279505601,-1.0034987915531237,-0.6410110795261454,-0.7789908258629092,-0.778679535888501,-0.002541119095075645,0,194.37658349832597
0.5821013146505805,-0.48030034039896274,0.21831321278870028,423.00493972850245,0.9337224288232437,-1.3195970489681534,1.2615162406130123,1.454141974049329,-0.533669494562126,2.5947480725156384,0,192.14801976866042
1.3259092972846651,0.013017034490628198,0.1688234771902401,486.06888594361646,0.10145227574555217,-1.4217093567673524,-0.34088408220648025,2.1609216512265603,-0.9854060191493078,0.04795047129303792,1,251.21168795979048
0.19735268024535393,0.349444305230998,0.18299081027025277,431.4302377339042,0.9169894008872989,-0.5497571433033673,-1.0168878454280508,1.0109514631918934,0.8994541214722732,-2.1901884864372594,0,200.97431962683245
0.5876537349262679,-0.01970411359017401,0.22373353946522653,416.09629626315586,-1.3070859583004728,-1.3536572309016797,1.604564199610014,-0.5163068720224271,1.6005369000370255,0.8419624456077265,1,237.15499852039727
0.6171388697729914,-0.17163520169549062,0.21386496034869806,358.8881197325417,-1.5474061956179606,-0.15683407677832914,0.03486309421749624,1.6015203736922015,2.212089192178948,-0.5345163316397997,0,205.35364939193497
0.4806426600171262,-0.940232964461811,0.21233120353482224,305.88959042999295,-0.7918446815960446,-0.8122327677367165,1.1721547379924306,-1.0321206145521036,-0.5886675285896072,0.08023142414936967,1,204.97093646869132
0.6709865726538289,-1.014348185617055,0.21930291589896486,281.91243013884383,-0.5069910755356738,-0.39499614634295127,0.2739770899618193,0.37844740526745124,0.12529952957413612,-3.2689792272187903,0,218.1550324739096
0.5925891298352917,0.07214410733080422,0.202300371422154,464.3241433359163,0.19081011277987892,-0.17004499178185042,0.13109559309763472,0.1449901456093324,-0.6309975392285448,-0.19978534116920613,0,201.35212051252566
1.3734772217268345,-0.4253968808141685,0.1954258828374368,294.68957729485254,1.8900033757493762,-0.3439729358319032,-0.6487315638077156,-0.04739332316885394,-1.0721908703299152,1.618306873468797,1,190.20379046345582
0.38691803373012934,-0.11944582886302187,0.22048557566245786,336.39218012131164,-2.1641727887842865,-2.4280667760576136,0.35207262933066186,-0.7386543359884418,2.4382316111420392,-1.621110838040089,1,176.31594228082534
1.2114599116478693,-0.23346304909176732,0.21786528693972387,335.323757588582,1.193529721316497,-2.218395045402546,-0.6975150059924802,1.759330509377438,0.6153202344031059,-0.4293095417826937,1,213.5049960987015
0.08688717849518662,-0.5358988646007191,0.16774777918509656,350.4206766783266,-0.342877637034956,0.8450047786191547,0.4043878565347199,-0.10651255661712285,0.9938695834978055,0.1655236124397018,1,155.32834468117585
0.5820212590691518,0.08625209847340838,0.21120015398869202,431.3168280874636,0.30273402204248057,1.2499708370363811,-0.043534138412617676,0.4679779390479052,1.0493002684506276,-1.1135833538602242,0,196.61690411143226
1.8198148623965489,0.09150776623981709,0.2348504748345738,366.86673654631767,-1.0970251950175463,1.3216521036058795,0.7845309320208684,1.8350125115522942,0.328461922752592,-2.01823930148913,0,185.57574849118316
1.5072824231551425,0.19485288832585718,0.17652237531708692,409.6475844626649,1.0556660533880222,-1.520202720883554,0.20294961995733976,0.722740389177913,-0.1918566829186429,0.9137195548509494,0,188.91411086635242
0.49009556754166056,0.20797456340073472,0.21547391582493086,400.5172912737381,-0.7536697107406188,0.7259377543989334,-0.6490912996763267,-0.24105069689747025,2.5504489572527405,1.401954559345934,1,216.9066571625618
0.6625462076285432,-0.26712211823948173,0.22758138082983687,403.5047008440894,0.17624948288390244,-0.874664087442359,0.29396215139319753,1.7016846332037359,0.32008808927932486,0.5468162231398671,0,188.4112238859501
0.6474940507160475,-0.030560294231909816,0.21159321799545464,351.52471708095646,0.20192686644464317,0.47072074386999346,0.044702745611263986,0.8118963113082508,-0.7249326749073336,0.27623420232708534,1,196.1257252177595
0.7889347772914116,-0.09740026180859494,0.21590057821203643,382.18261508238123,0.39322745615929816,-0.2374561770313442,-1.0340299455647717,-0.7009125914765248,0.928750529191829,-1.4801222194876016,1,217.21527993413204
1.6167376718128885,0.012187303657063235,0.1857892759321302,437.18859828836275,-0.9579933090787086,0.7771423880721463,-0.09556928333578935,-0.9389548346956734,2.026872627710399,0.7728521975460662,0,182.9991821598316
13.70978511289507,-0.03509538574488333,0.40998540488002977,339.664465900001,-0.7461386788106048,-0.39995739161606797,0.44646386766325674,-0.05812284799939603,-1.275014870129773,0.4499829608936986,0,157.89038441028453
1.077793568586451,0.203705450430923,0.2278284147788301,433.7701863531817,0.2743342791747089,1.6091539531488357,0.8208351024382687,0.07562665553449023,0.18832668660545282,0.5767466033289886,0,183.1228495429354
1.3512877129982421,-0.3084752017375088,0.19050820496628368,365.69670725679674,-0.19657843697297533,0.25187611588592107,-1.086520182350566,0.6255606786205795,0.17055421508116986,0.30638702745456375,1,214.92033280896538
1.2547176544974357,0.41649051992755726,0.19225890458894787,456.57125757280227,0.7005364253045663,-1.3268708204018376,0.10583837053363523,-1.2288344053833322,0.524243883289128,1.7307925735786491,1,244.06300019067987
0.5287514103877845,-0.6796531748915482,0.21933850357082604,306.4554154430649,1.0247970763295668,-0.1991991553657671,-0.1013575347656885,-0.6153092718251859,-0.9331440103338386,0.20127731607935728,0,207.2858371686877
0.09763047047198571,-0.0033058574196245987,0.2564119484796591,373.58838835722173,0.1382225247213821,0.8079714328901264,-1.4642304021914991,1.2344671307376764,-1.1459954318080618,-0.12118416573747132,0,230.7313106836708
0.28595203568194266,0.28022067249996374,0.21393205116599734,389.29984740204725,-0.07583244025507307,-1.6093200467867896,-1.3533304646622883,-0.6773706054375404,0.3390633841843274,0.8330176068987067,1,192.80071040913893
0.38491431496842776,0.4399843431453277,0.1890028708355109,422.8994230581025,0.439828430821245,0.3136742428875525,0.31099513043407917,-0.7251945884528833,-2.00797627320814,1.808042062104547,0,182.64007570476323
3.2604118429177293,0.06205964355232656,0.2774400907961139,431.8181227777996,-1.1578028037245862,-0.6114189413177892,-0.29824872803442154,1.4320776276825893,-0.4587986303104646,-0.8822326088491729,0,162.2668902881346
0.5431116284941226,-0.09128375489628923,0.2180953306460281,376.6804544928057,0.7566150318733316,-0.39984164010160095,0.9519796740232598,0.12630816569346862,-1.3475865101633273,0.42831288153197994,0,198.46025485187945
1.00486727844226,0.5535015487925129,0.18430058656992193,450.4134611251824,-0.48028250783254006,0.8704797191574831,-0.44224447680102164,-0.05409375343283542,0.931882121342523,1.1256334581880336,0,189.8755128796717
0.4937704860149231,0.1265032240091639,0.21564971968321717,414.46293613060556,0.3619156262524524,0.40825936013765396,0.6481958905169212,-1.5050738252229947,-0.31668405352566403,1.2887159425553798,1,222.50418385393024
1.9903218253926187,0.3955508985768219,0.36782534796618466,402.763580128038,-0.2593294994207437,0.1569795514042659,0.1421425915541974,0.1781680579386728,0.2374591007550904,0.3258505741720224,0,166.57967582996693
0.3751549426608974,0.07203919951010913,0.2160245485655017,439.82252435607376,1.3651181920256419,1.2641432588175738,0.015691912622862594,1.0829524627582956,-0.08370003443901265,-1.119795251369154,1,215.40836861287391
0.2509492345600844,0.690196781012003,0.2269919367736041,382.77412132089546,1.4973886689777849,-1.1797015153967405,-0.7860732043164859,0.4652997789524463,-0.324023884709135,-0.9257008453751369,0,214.7304567808015
0.7120314091159997,-0.8654881256928765,0.18816514202973986,381.0045277935672,-0.08447883714518173,0.25153120573522364,-0.3180265857097403,-0.4629313324894002,-1.7456953305616578,0.5388776616335466,1,188.64599090534685
1.1496780437958587,0.5150406520963887,0.1830524561844287,504.8682974082074,-1.5803003284159838,0.6299972455918534,-1.0652085055079088,1.24043932932098,1.5663542762584592,-0.4529345068336033,0,177.60941842621054
0.20651689310285962,0.7707841295469428,0.2089047262567472,482.1963920024105,0.40162980324169834,-0.9439230673431239,0.01769006531436505,1.2727756333722884,-0.5251407599867173,1.5629208640677639,1,214.63628858852823
0.14450147147302422,-0.3468749578785149,0.20184438666256171,399.07111216961874,0.03171950041741934,-1.3778146892474143,2.0843496068613647,0.15427591641728272,-1.9346857770840973,0.24471034470929756,1,180.82856738347587
0.15694129889433064,0.5181890616758432,0.17847465053962847,439.38462086084394,-1.5459301210203573,-1.7982156178230242,0.885035946743307,1.3019807373818906,1.573530362718699,0.026966510912153886,0,203.15530011209734
0.7039679086920341,0.2677122863455509,0.21885359837466306,403.5736324350874,-0.055793456587862666,1.7211740934379443,1.6336546913211416,-0.9470430490666091,-0.582642284330007,0.0353212927384619,1,222.2254749664828
1.186916161121825,-0.07549255536243359,0.27002706353970596,406.09225823238484,-1.053917653997796,1.4646417617385485,-0.03166470021354092,-0.9558457873708005,0.3899864122761744,-1.3717213216965107,1,251.8262485112208
3.054078608968478,0.0024577808633612684,0.23905505324418458,421.1746796675292,-1.025463972910378,-0.6638965303869536,-1.144025808111714,-1.0326655289139604,-0.0018471531230272072,-0.6762316417685762,0,169.46101635222897
0.8198968212058719,0.0188036645498186,0.20551089011127746,501.00207482003077,0.4693436141120441,-0.5472385757131625,-0.11497373629940169,0.6902728058143314,0.43375509183976707,1.2412434007738948,0,178.8385839887509
0.2949357648649388,-0.07823843988302494,0.17850566472535564,382.98472326505276,-0.1181059632624818,1.1563354867094882,-1.7284233100922934,0.5393383353040833,-0.05760821620807155,0.9702998248265108,1,211.6220804762923
0.6481804355799637,0.5050121732341771,0.20991414363669883,456.49583927993666,0.2897752133617254,1.3704217120864048,2.6293849029527854,-0.2417822034534971,0.7360200678300067,1.626895105659823,0,189.87486248789384
1.066739932325283,-0.03808847241599895,0.2497326966375668,342.5564331999732,-0.6128152263428124,1.0539444719348463,0.22556736326864033,1.004315424634042,2.3365318750484128,-0.09546379518987665,0,193.46868201047366
0.8528845355929131,-0.2383154083980758,0.2216571241716043,437.48190443732295,-0.435346268336422,0.8480050567236657,-0.6383792805553802,-0.27633527581212675,0.7686227006739494,0.8741456052683784,1,242.86001043444537
0.3568902127947302,0.7004178041544346,0.20331937941585376,437.38735990414125,0.1417390917936484,1.5101882990786493,-1.1716656775389844,-0.8997988052633067,0.919581429858742,1.4858529691856268,1,226.0308464371654
0.3500087750669966,0.5733879804929988,0.1961472241528182,548.1098986523449,-1.206309364408565,1.6581235595802752,1.026678158068204,-1.456401879511282,0.9437757998600883,0.08068822308232994,1,265.87225122474496
6.30844331230464,-0.04764284473425202,0.21561616145675883,373.2863511682562,-1.0937018746001816,0.6997184199253855,1.139410987680388,-0.6156741291405091,0.5634097535568048,0.22905088580302627,0,170.07825828964988
0.7907616692541513,0.16223012803190043,0.20285701349345092,460.54649188896497,-1.2975175126302814,-0.8513769313216364,1.1632328196573876,1.3368004300507235,0.4753376020627014,0.35728259581266403,1,231.52864631460747
0.06032567757208479,-0.7685010410675842,0.21767215431673562,297.80264542286784,2.3714412686983,-0.34816673385872376,-0.08265844901654915,-0.012012714107196835,-1.0962358554411626,0.9881858161623488,1,113.00653383414178
2.7856949140826988,0.20198433650987468,0.18623163015811317,421.5840598559747,0.538870514985724,0.2415729722153939,-1.2871367333168744,0.08724287122620288,-2.097905259435376,2.2016375508011343,0,176.12338591726174
0.25820536934051175,-0.11639260027369024,0.15503642943194607,349.8264460962066,1.0934864703039544,-0.3577282457352936,0.10116965268948455,-0.46542362045375246,0.3482265871393517,-0.3259692502049652,1,207.1082557382692
0.23285674139424362,-1.4541296957920675,0.18219797965620915,295.68473118604965,0.5248247802851718,-0.926167818802233,-1.0767500730534878,-1.2891856035217724,-0.29692458010327005,-0.03451014086598434,1,166.33954647497632
0.20579465612832473,0.5141234651403168,0.2038240431945478,416.22385326396346,-0.020903152451529725,1.1249213476343392,0.8631847070378479,0.7400179248653772,-0.03712953547970346,-0.47292737807791957,1,195.78338907342726
0.2856580650438909,0.38472631973526267,0.2276541544942724,441.25949947487305,0.8934188802031424,-1.53974975412065,0.05629296206868232,-1.825948655179241,0.5127816983116364,-0.9101026082613829,1,201.0985044009696
0.3707630113025389,0.2446839784979409,0.22529255548543342,429.56279851199946,-0.10742347099055921,0.19535147782766488,-0.3776905898603867,1.465003981715859,0.26397618612882356,-0.19574051900178827,1,201.1474941875578
1.2642478614616026,-0.202323137768199,0.18186417559790677,301.68817235694263,-1.2000168768546255,1.0749842318579195,-0.3211562428321819,-0.2420594214652886,-0.08430560584170431,-0.3105107217489377,0,211.45611778951704
0.26625857375405765,1.3777457489690481,0.23102509842544225,508.84224249778157,-1.5455418282456082,0.541888341174515,0.7095469597131363,1.1671944351688657,0.1978669816895273,-1.8708387691442405,1,220.4723151496781
2.154816040720154,0.3018078399253662,0.22661895745015853,486.6244492860191,0.6601242738970613,-0.8986792877426721,1.754469116135079,-1.1474326917084041,-2.0923279447023417,0.17360719360546625,0,165.13269430880757
2.6159842723935127,-0.1187037961806685,0.21363538695550033,346.27444729067304,1.2907469106619072,-2.3337825429873256,1.3755737665659,0.7072312205100915,1.4055422425114643,-0.6564538131193058,0,186.6386388180419
0.038310909035456385,-0.751452684578724,0.27497912395342883,296.79222640653967,-0.13452240718659997,0.02510136895183749,-0.14109123852547883,-0.8229969781102384,-0.7878917519384561,0.41257985243891976,1,95.86696451616774
2.7973576310466495,-0.1033959282481977,0.0917063033061188,392.55336077179084,1.083178113012173,-1.7648209872305465,-0.6416304208443098,-0.5462335161216849,1.2909643456015698,1.5489063656286852,0,192.82022245159914
0.11437650614777588,1.8391903129769718,0.1997957879342008,486.891354890394,-0.41093701414077266,-0.6394546388253386,-1.6496104470405704,1.041431448325464,-1.2304750020834856,-0.051767586412881664,1,201.33817936654347
0.38792664998656395,-0.43611674333095846,0.22971482982474484,347.4375909667236,0.6254214356865326,2.0766007088131473,0.25509116147523847,1.5050217006040925,0.9948206530902844,0.36405720925327084,0,219.8813696608844
0.7065371584826912,-0.03631429510243901,0.23850586732629708,371.9676832116833,-0.7051412888820565,-0.6375154168230242,0.8271491222076125,0.300736909162792,-1.5470457149551122,0.8120448113149291,1,230.26487533212293
1.5470835220594792,0.05789076100735769,0.22426304944833356,355.76806386073866,0.2611071340440869,0.06552376775040819,0.2434325598094621,1.9367586881623349,-0.5954344319990587,2.8511511107707643,0,191.66397991307124
0.25348281119706473,-0.5474744836321339,0.26228584685574374,344.2433861260488,-0.8523766988570803,-0.5335396165088169,-1.738301239430937,1.6951410045463844,0.13173917108453756,1.7286064701421047,1,150.9291623741757
0.14554366139529254,0.45164516491826456,0.2204191331266886,388.5921903847012,-2.3788620973850927,-0.3966115696480366,-0.7915018801846991,1.005074143824816,-0.5941570868801369,0.6272076205745729,1,170.36272655690624
0.23299021766134487,-0.021987363058505512,0.1899424469336457,352.8402034827881,1.1277109780552992,0.22849940414735706,0.822228220122138,-1.282941480710363,0.54310479771961,0.13333453249395746,1,186.02998221216893
3.010488257913085,0.03163191008505201,0.20475205741874553,399.9586166606218,1.4897833891433876,1.5014463345687674,-1.1712620424761784,0.332329575783614,-0.6227627198042075,0.35204133581042657,0,175.77219564653944
0.2157633915023474,-1.3844187187904524,0.2565170881555512,324.3211552403587,0.3341148712043246,-0.687572978962589,-0.057268809798932035,1.6815497802423085,1.2789181099537366,0.6783125254997863,1,146.0892240283871
0.20451121824567847,-0.4305074923765582,0.18249673815214562,356.61367781534705,0.566981348102554,0.6878065605348681,-2.1276499244206146,-1.570532825085269,-0.48242334573635237,1.9431872898623619,1,183.46942093180502
0.2585207492473828,1.6642557030588478,0.20247704954170243,522.3661516163274,-1.7273571955483067,-0.7526435642288418,-1.0396870689090627,1.0838857607978263,0.09261539437615993,-1.9625320207365375,1,239.62794935145374
0.6879175717324544,1.406254963589985,0.20680016829884557,605.0559882481726,-0.3747726620511771,-1.7722390123988832,0.8330815075479858,1.3169058178723685,1.4362079589442935,-0.13802498617167586,0,168.71080350327782
0.1993119591306336,-0.39093440327000334,0.2266943239542384,375.3602636638105,0.4339247737691961,0.6706219986154832,-1.0883940565021155,0.4744165478417195,0.3363384471723375,0.3533292818902529,1,172.29574419218963
0.1745123838011815,0.8071630017165564,0.20097306176503862,489.38620152377104,0.3632848235063147,0.2979486988826987,-2.076871260614579,-0.19795119870455166,0.24617679150009397,0.12467896203831279,1,214.92168645311148
1.2071193924511068,0.15021846462084848,0.18755221623990648,375.5259075272043,0.1293663618268853,1.9141755546528363,1.3686228683193793,0.1595837444001403,1.3568146934797165,2.2408351881787687,1,213.821735935017
3.641993687460874,0.0038892708227808697,0.10716780561079775,367.80430239011594,1.6255803024189588,1.9002003032507466,0.04436752441121667,-0.10751189117352852,0.8931325241673034,-0.062040702402757046,0,189.09505287806357
0.16926440500584689,-0.046590812115241936,0.2100332124900684,382.0287564774281,-0.6927015971898745,-0.25252920449274824,-0.4000932455032642,0.6660339531035047,-0.8219877442835339,-0.5885439455189955,1,176.008449557011
3.744930748030456,-0.06012240768156252,0.08945656840858109,346.135299190974,-0.2769309587582634,0.9989634451956911,-0.839803532945737,2.324233126558919,-0.011130186456188244,0.5639620794165722,0,195.67667216217052
0.31444349202096966,-0.9379208598036072,0.2502298615133711,351.57876719191086,-0.7906127566674959,0.521169346013398,-0.9154609439743524,1.599916525447575,0.849099298042939,1.0723864151064768,1,157.88647529473357
0.6821022412400337,-0.31960555730039814,0.20581261034279194,338.74355380800785,1.5004359846494328,-0.1736015207623172,-1.3891772528345405,-1.3118845497988785,0.5013009706587199,0.1791804464659747,1,186.0877090171722
0.09571978129910581,0.055862419410232275,0.16105791787512988,396.4589475378543,0.27603476814956746,-0.4183930156175,1.912125756734661,-1.2989116891664103,0.5733544059310901,0.19077714658783604,1,174.4712887626348
0.21680693731947928,1.891188070439846,0.265422129966888,573.0529727391269,0.40056789189841296,-0.6642657275425331,1.553925291585956,-0.04464794914059551,1.3811109657069598,-1.1575175747711695,1,224.3030427454308
0.650812903571801,-0.11804516170317977,0.21475213885294966,392.0790740604578,1.6041158844337884,-0.0013050948209248675,-0.1450900558741898,0.4748900951157626,1.079466506851493,1.5733576870923323,0,199.06157802865516
0.2648167005998195,0.12107751388158089,0.20774129647989092,458.26011959857306,-0.5453559020292587,0.35087511886927525,0.43096747132539315,-0.2994748263011465,-1.2537008218777879,-1.3670472615661156,1,216.8242155935859
0.11526996169223584,-1.3521079358026873,0.28450069829125685,376.4901092822802,0.02409219746676766,-2.063042355825815,0.27058975480383435,0.7489556801053605,-0.35502260482477566,-0.1516004239398754,1,148.07371022316323
0.2276939590497401,0.7310443195162022,0.25981577353443797,466.8327300225594,-0.9184658056530783,0.883598462610135,-0.6352298174101836,-2.0407279786700023,2.0910627163691315,-0.05410001646650412,0,207.49313457006207
0.218567502359889,0.2034813367359063,0.21872619761915696,398.3160799770397,0.48298717777274414,-0.6671267061256543,-0.30995114162422177,-1.2818699515093694,0.1419838810538361,-0.8544810235221314,1,184.6693330372736
4.568731710479726,0.06397010510962449,0.1490902170526883,390.82250978279774,0.8202652826426866,-0.11758369140564243,0.24528277854815964,0.5321756730998396,-0.27929625654326795,-2.0371499794595196,0,175.20926682510466
0.3786211229123343,-0.02506978110262684,0.21303692734945467,367.6860494194772,-0.01322756723340127,-0.4102124000503292,0.7391799121473662,-1.0786736521933953,1.0332028240935949,1.3299831031233735,1,191.3685203771665
0.7505243438791892,0.7181178605883959,0.23743050858980175,419.2624085577589,-1.3148547408042315,0.6186336938433353,0.8098427725057007,-0.8053779222207871,1.0949813549469676,0.40774972320071456,1,244.18203152513638
2.5479524583441733,0.16211315554645422,0.2766872579855833,414.57016132431994,0.5669454393632571,0.580473180832539,-0.1618359997018531,1.3393741033894957,-1.1224780831912464,-1.0538134281132139,0,169.68311382278358
1.9063694931908541,-0.08015517238031664,0.2282199285112371,441.25192625347535,2.5122337584452064,-1.1977983244224342,-1.6107981554999045,-1.0367684375580808,0.024250697480377295,-0.5214806153060982,0,172.94274160366916
0.36751021275922907,0.6594484625818501,0.20624374341805798,439.4721363395965,1.9497167731010994,0.8138071034622915,1.83583353522883,-0.8481846785473458,-0.7637836824873542,0.20512298981870208,1,225.18600194084237
0.512542201037028,0.8490026653528373,0.21530452746527776,496.1862068501072,0.6977432685528323,0.17473980383626275,-0.4674360267436276,1.4800204385520876,1.738407661335119,-0.9627439107451667,0,188.39777729066054
0.45185897656270846,-0.8743713877140872,0.2255910266643353,373.934301787285,-0.10334592079410268,-0.42242167817617776,0.16172348098869405,0.9756964903829708,0.13277496926311194,-0.07008181968331006,0,221.07743612108982
0.1758640888123482,0.9362438731375511,0.2622731392736209,511.6616565706063,-0.5350100538913245,1.3380096368709886,-0.45219590102219454,1.0985804325269715,-0.9259822898623207,-0.49683805842163775,1,203.9145266940441
0.5657625951296826,0.4267442969646491,0.21866549290579132,425.95902786615704,-2.9292886638868674,1.591330315923552,0.6105590639815575,-1.0135134102086027,0.6614889573842443,-1.3765732607077497,0,191.3899081338411
0.3211347710013747,-0.43201738055676975,0.19507214049876875,361.84161578263314,-0.7308697205336572,-0.20099576282052778,-0.5159674336286205,0.4844367435587291,0.31470415746675884,0.210697847918951,1,199.56385476023812
0.6704965076159629,-0.560825230126139,0.21244433607171334,429.0172214507705,1.077162444851789,-2.2689718116671456,-1.5788743416702673,0.4484430730953244,-0.20484441983937696,-0.07320302073387884,1,224.371414655339
0.2536721351607683,-0.232750978480192,0.2449073486911231,434.33698540681763,-1.0406654867421645,0.8761273553304415,2.081631452187015,0.03309368175142788,-1.2946268453848242,1.244021297952056,1,190.26305196691212
0.41894013394948915,-0.47691921399887466,0.21252346055970703,283.5684653173312,0.0570533066252073,1.3315562299752506,1.4008805454559339,0.6902158019113407,-0.06438990330122468,0.0907008892951978,1,167.99242673185407
0.05917598339073689,1.1042063420571522,0.2299144865041841,492.72049932177316,-1.4529832507866902,-2.412851349183386,-2.563090596012562,1.1129980529042007,-0.15867145357545903,0.6096524591378311,1,179.44770426313988
0.12677117609842412,0.7548122058979733,0.22922202996749425,430.01914068008887,0.13284173809522978,0.1126324134204435,-0.5348826463082326,-0.9172756568467644,0.3501116076468265,0.17096590341429205,1,180.02200242821257
1.10797617284097,-0.05388432254754012,0.23228115156894732,426.4705138357912,0.6548779260039814,1.2794981615158414,-1.303579541193067,0.07251939500846163,-1.8528920812389398,-0.8718397734467993,0,183.3290819169665
0.7290537485065124,-0.3119745512461251,0.21594430575283977,368.6084818171603,0.8625079329469976,-1.1220884300744765,-1.5044082011781799,0.3085670147318123,-0.2591400298239907,2.446059433845352,0,199.42105363808892
0.14568214834311174,-0.22554057143562764,0.228705326282755,421.43365882772497,-0.8546213606831966,0.7052987199609727,-1.174158367749248,0.801733202976299,0.32102744465042676,-0.21062456565996857,0,217.0330458850301
1.3575040203308237,-0.6618080542057159,0.11684596250467473,280.8329539934678,0.43852624783501054,-1.687469441176612,-1.4779073425171245,0.3076847204287372,-0.16546636019376387,0.8827712250134923,0,227.1144569730727
0.11339318405636818,0.3998800320176603,0.24732954005413108,443.021122512198,-0.296074777603395,-0.5213245966838412,0.9752729033418955,-0.9251190034260799,0.5030607243491486,0.0450617412674993,0,215.61750994766655
1.8861227655297161,0.4409096657633653,0.20899218274157746,507.25907930092376,0.06873606927229456,-0.5255502145358227,-0.2423491155909412,0.4534394623271993,0.8901104878944709,0.42129999471922436,0,164.42558231432142
0.891502732793419,0.0020662044378961203,0.26754082136018786,426.44156661376155,-1.5606351392002038,-0.6420035546043341,-0.125599589568629,-0.07419935861436518,0.5714712467121362,0.17230053422261374,0,173.8650417723507
0.3141549711872931,1.1823110132090322,0.19388004230541153,453.9407014959393,-0.24622565281986877,-0.34197031221011226,-2.0552885272717107,0.3072856032269584,-0.2501995796171385,0.14640930104615238,1,230.6392437571106
0.13251036642592787,0.6356840489016163,0.16464860789018446,486.58505395576606,-1.287371830068781,0.5612547898522187,0.11655490763423319,0.49894424315140445,-0.4809858592602414,-0.1031547235378615,1,216.3221257382493
0.3277370610578863,-0.5098397252486598,0.2566770240480579,368.13017622596493,1.5291657542447386,-0.4770328037244411,-0.4635189818685016,-0.42481963126827765,-1.311860021758107,-1.2524297577982966,1,159.0280907560985
1.468992316805472,-0.5141141118172977,0.2691999883026222,313.03010398023224,0.9012141638332015,1.0146353575319915,1.3739416477107511,-0.7985612125915675,-1.6114036981406061,1.025081048627525,1,222.48347855007236
0.2242940185352935,0.3231895032777455,0.13335805760850325,439.9840519205261,-0.8609656302990971,-0.8507865542236841,-0.9233860525138115,-0.23075044774088885,0.3780313181678204,-0.580052925554034,0,185.60220117384577
0.9044979973380157,0.02854699672479475,0.23363414278642922,396.9210805031559,-0.14812264309490814,0.5760649448178328,-0.32448277019900695,-0.5730732914283824,-0.9182747671014064,-1.5451160067502911,0,188.4951655960311
3.2502054438677757,0.001996494298952959,0.31995995568048174,385.6585773591143,0.9678891866187391,-0.9360243714100017,0.2975759154456565,0.6364944410732603,-0.5833026778583802,1.313826461969468,1,272.22833172793605
0.02559844894409776,0.19125684176737795,0.7849799679097889,365.44535510445695,0.10561990280851016,-0.16972747252018033,0.3647521688738733,-0.3177016271248405,0.5818853261192496,-0.8790939909742798,1,79.45554434053328
0.09314805934526535,-1.3984869364480716,0.26282482111307476,357.4157683386995,0.18716594262549296,0.10539780602493234,0.7741806803275498,0.6482478253646946,0.49162245435306645,-0.569335199101124,1,140.70412803243622
2.5030041889463654,0.026052070003128234,0.27104620375035593,360.05070482134255,0.34602286274196087,-3.426946288380963,-0.0928230633198614,2.131486521769014,-0.5049072947230616,-0.9527634097807931,1,250.35134382691152
0.24036542697475585,0.12845942652759415,0.2341259991676383,403.6190159603694,0.35427193171104904,-0.06658150554230063,0.04320629100150508,0.9347890900348179,-0.6032614232453487,1.7037560401594887,1,184.87279619844898
0.18933709857261968,0.3110834620627789,0.21036476818815203,438.9814266825608,0.30104136281630733,-1.2172231936793543,-0.23385595842133058,0.05953641029550681,0.24545657313796915,-1.8332863111303712,1,197.3683485749958
4.2016158472460985,-0.0624826603076386,0.17260282880467706,354.8448560751562,0.7022589074121284,0.8997313328545763,0.9904256737617793,0.7821625093400768,0.16583241648320882,-1.2061761338664572,1,245.48449340864934
0.7462760650871376,-0.008591107582053283,0.21219111193763388,379.9623814803132,0.19868371482250546,0.2852537466789945,0.20097671639914202,-2.1441177831087477,-0.8446187144714197,-1.3752127701817554,1,209.82235341805574
4.153400951741503,-0.017474909071765656,0.22626767563840067,393.6025858778097,-0.5969904625763461,0.619678451874784,-0.11351128760223725,-2.012293176617848,-1.9379532326653444,-0.3081530480282038,1,267.43668263620054
0.2319302437356746,0.8047386514064194,0.24567567946075117,436.0958606854443,-0.329855742603615,-0.26706894349803073,-0.684336298527765,-0.47637732943711925,-1.2225257178831443,-0.5630403913980294,1,189.05534962586404
0.31371021641735697,-0.6307597513895442,0.24628714940036006,341.3950603928602,0.7232819855708942,-6.844762018947823e-05,0.7911315239608505,1.6339597582362795,-0.8437789952649165,0.8813124824830907,0,224.84276383650092
0.17707643292669986,-0.3812097450885094,0.22620048249348315,377.43652607681474,0.8349726562865588,0.05962546580426599,0.9781725377903359,-0.16573126848386857,1.1594132502217318,-0.44207440377141755,1,170.18887389075888
5.002865097184564,0.010261342730258433,0.17580533877689034,421.68399937963414,-0.42505544528854927,-0.0806376515415672,-0.5870501138164963,-1.6780450235358095,1.8437085890718243,0.16037049939991085,0,168.22123795810037
2.1776984413000737,0.1342885588565215,0.18930354726946663,395.5993810875883,-0.7981545743271506,-0.16566608057170043,0.6055738267761336,-0.20193856220363532,0.8138735003319211,-0.058665657176688625,1,243.821247227343
0.9669615117435778,-0.24437354300674874,0.20319304846001163,390.62834467791595,0.0673568456937567,0.06737527510038906,0.13908956715135234,0.21459254794503269,-0.15130404553836788,0.2247959121900974,0,196.0015666243658
0.4152260902767209,-0.17586395169231456,0.2138713236748596,420.4518302516912,1.6551708836395544,0.5793632866589795,0.5294284872303973,-0.7706894217386676,1.6447341481531919,0.17319653415439132,1,216.81516744688957
0.6718673008921033,-0.6447456723172401,0.2204298786160685,368.53232550636585,0.12142747262347005,0.4389277112499219,0.24364831513072951,-1.6872629295113661,-0.8035165277781188,0.048169659791640305,0,199.99100920942428
0.09104509415699512,-0.2699453771685672,0.21079287093638513,366.9966034056372,1.1064176590424295,0.07879083577926815,1.6864433268113919,-0.7181549956806805,-0.04948619704668351,-0.47270775821148436,1,152.4377817844189
0.3192474071203928,0.12113437689683777,0.20077857332587912,381.4781786786327,0.46913293162766195,-0.7183405135149141,1.1361483136989787,-1.2169884426958468,-0.6136655213201181,0.43275891341369915,1,202.71381467680408
0.31921679764843425,0.2705309054464222,0.20341796434902024,457.95953300959604,-1.868872745886686,2.348160158291977,-1.1611402152497219,0.6759676864157966,0.26368813930614593,0.41422580735946746,0,193.2226737381879
0.3618856913407712,0.4651115745742469,0.2100752797263269,466.65643331861673,-0.0633128426215825,1.159227875100212,1.3797137279809621,0.5698147613136271,-1.5406408544597483,0.5493804392766001,0,189.20530904160526
0.22048500345651628,0.45430286027839434,0.1715188773145297,582.7095274018388,0.502949635726503,-0.258377599740842,2.3045385663170226,0.05234635737653138,0.24754393763176613,0.9319038808241602,0,174.5858462109411
0.39721336457278,-0.43548868276954755,0.20916958526125595,377.2878348361624,-0.2997962972271768,-0.5505153707331497,0.07938082495801277,0.5882703619164132,-0.3424528606972593,0.36518597408353376,1,205.28445427947574
1.1003994392928305,-0.19055113192139467,0.22121441723306343,386.15076062079,0.4151040388340641,0.03696401451471474,-1.5773191084674503,-0.3849704674391614,-1.2368466951362975,0.06975942399545157,0,189.5618809383692
2.205872232374062,-0.08217607819375607,0.15919267355090674,407.92792800572767,1.8933887889663983,-0.138614045392914,0.8428003221069176,-1.7873739117412524,0.22986321257984027,0.29965383773248166,0,182.97639521830743
0.23013996226047054,-1.3233244107029782,0.17130005705533297,326.96524998803665,0.9712471513697639,-0.662854326505949,0.08908203326577799,-0.5894759486043055,0.7301570026834143,-1.0689446193947685,1,182.3686685286253
0.0796953415278478,-1.2609917997029718,0.24630129342356502,274.4451929287551,0.08515967750317809,0.037039488816398757,-1.5898893194847858,0.16320030189230733,-0.44712617559466744,1.2693412964355906,1,108.41574125711655
1.4691574255369484,-0.38725972547510834,0.24657086125707808,342.3127074438358,-0.8010902051682449,0.8803048555527497,0.4025369547167553,-0.14594975358208745,-0.4924530888536788,0.9480938798207117,0,190.29154803890722
0.07216282402005204,1.507201844621003,0.23496288652857739,501.0299135635622,-0.2709707501386706,-0.06383919006678575,-2.0842016035875486,-1.2254940009450794,0.8007675019128099,0.5138536993370176,1,185.2094898853534
0.49028764088261007,-0.2670275992985969,0.214718750038895,365.46621279999255,1.2480226648673451,1.0675848959973206,0.19246868989038313,-0.21893579299185137,-0.8947314023819704,-1.378240897637518,1,217.47776457779705
0.43823772793936216,0.006325991708350214,0.21637531317811817,380.80029454341735,-0.8131895877503414,-0.328843425999926,-0.44034139539407524,1.0366917514406686,1.1546002417589225,0.1028849653920915,1,197.38335544477695
0.4802562110576947,-0.21062234631223495,0.21806266282141115,460.5109383988257,0.5943119618663685,-0.45678035710916326,-0.5191238474439983,0.9160872566921738,0.10139194028716883,0.023121844667166436,1,211.17147186875098
2.4269948508537493,0.2573668111177129,0.2416088012558984,435.52504613842785,-1.5938813525154332,-1.0468169875829683,-0.16704405354511112,0.9367641836793472,0.8799409468417455,0.38440862574118073,0,170.16261398826964
0.31318509900003655,-0.7672879139335919,0.213547160620319,355.84355339505004,0.26508674122365294,0.29970919319654366,0.28190699341041325,1.3663706484661733,-0.8935521170716465,-0.6158016340564818,0,213.12397586872024
0.7991855270748146,0.04057803289594645,0.2543846243294857,395.2248462457693,-0.19278084559686087,0.3859673930363172,1.3955197856734871,-0.3238715399218908,0.3450415379447188,0.699688688846465,0,181.78246974682742
0.9817340915326843,0.23702099558998238,0.21343593535350294,462.9600843909849,0.5916931684080711,0.4781103986070525,0.3625057029467922,0.2317841426045613,0.09145921301343285,0.7593092902704156,0,180.79302361627947
0.0763313057066343,-1.5438272617113586,0.34338803093188436,372.4935471414613,1.4646600757824255,-1.5097371970159879,1.1290069861617387,0.02939889845044752,-1.0005043209976408,-0.8198180034677413,1,131.62654579319664
0.14718654415365032,0.24945406741167958,0.17237098930704736,400.5797210687668,-2.3256914176367105,-0.23850227526068965,-0.37301585749551514,0.5940925506051582,-0.4071626266074396,-0.1327521599809537,0,210.70216343652945
0.20823378022693517,-1.3472727848551573,0.20892163379839376,340.55334509249116,-1.2195641882528119,0.7536292140646723,-0.4443814594858951,0.051064294851453036,0.45826107728790777,0.07509104423010853,1,167.6073743044984
0.30301378015511476,0.5767666727249695,0.2978387248580481,493.7199741271492,1.2198906813576205,0.818699045375658,-0.7162643206804342,-0.4732628784603751,-0.6983665488741376,-1.276529285865521,1,180.19773642878698
0.7086816907741758,0.2497569912473102,0.1966399928698249,441.7346131709865,0.37939360024600843,0.15620570339146553,-1.40685840215145,-0.6935636144747583,1.2776513699401215,-0.591151223983468,0,198.20051863224126
1.3209672670071377,-0.07073711914170147,0.20104384135042722,426.29599002593733,0.25726291960473224,0.9081511898686451,-0.8707974033296072,0.8436402246817972,-0.4631065388486258,2.176812308676121,0,183.52734350388096
0.21201285782981394,-0.784200169486347,0.19533103334981197,326.9492887490682,0.5676319821454261,0.66381865850454,-0.7670665886534099,-0.22867632401315338,-2.4694702352698368,1.7060252584488333,0,218.87963409375354
1.0566511894631385,-0.47603493425588594,0.21472453920772167,383.281039050562,1.6030101334517437,1.1885528418702462,0.19798583661086575,0.9279164405529879,-1.3215439364911041,1.2090041710260375,0,194.0297525467327
1.3290438737016221,-0.17799743876756807,0.20548051151127078,372.30894124534444,1.7767539329137902,-0.5370869536833083,-1.5634018474821552,1.0970021493443218,-0.7337443730849561,0.8671118531181072,0,192.9374842995387
0.885819876979103,-0.04289274252681853,0.19561613300434683,337.1856225563471,0.8811705103325894,0.9745819850204283,1.3649297221150842,0.4676730191156913,0.37360695098199687,-1.0030755660989643,1,192.7844910053658
1.5670591956086086,-0.2720207949461019,0.23239541988505116,327.0259557350072,-2.421405994246339,-0.43074322014266436,-0.48752726014533293,-2.059369427120243,-1.8292205284289123,0.6016283747451289,0,196.25335264071234
0.9200120214669637,0.21961633762912552,0.24786524657175743,570.9162865126206,-0.5760130354874472,-1.48653325519651,0.0014018432499920625,-1.8034318197804897,-0.771875484063737,-1.0804762931514036,0,157.33926375285932
1.2341329563002226,0.05899179221287353,0.2680320327331677,457.60667254307987,-0.6791402264134887,0.6055896980804504,-0.3247329841127207,-1.2450379130435631,0.8012858464827108,1.334078943015936,0,169.82142761875917
0.16008296856164844,0.018759089777842256,0.21033399002202455,433.1421319220918,-0.0035753408410301646,-1.0661678584840135,0.09518518077427573,-2.239316043040893,0.38886150225591243,0.9383714607313219,1,191.5566562912625
0.48084722456517076,-1.3368480736376218,0.2160288587405956,249.88990532775233,2.528067480298927,1.0696968431643528,-1.3793491739754782,-0.0846718635264581,0.8486279991231955,-1.0908684590433724,1,150.63458533209865
0.20112023222335199,0.6727045253178632,0.20778024717643287,429.67144309355297,-0.02030705853806749,1.1351015718923756,-0.9627408692456668,1.9798402005400937,0.6019350883020624,-0.03403118964123661,1,198.0135977979058
1.554129877621423,0.10309082391002024,0.19972023777853568,448.81671450661565,0.0868396950329877,1.2430139258739332,-0.5226854945735474,0.48114452326035617,-0.29324939901919883,0.3651583555077049,0,178.5465525486741
0.6146021554083657,-0.5301366213104824,0.22694980729979447,381.4793036007592,1.482458535421954,0.897385001666984,-0.5800669055933484,-2.2697492595594593,-0.03480169754524891,0.28513438410709546,1,223.69823866194815
1.6790886445485576,0.16364837625879783,0.20726189366186826,466.35974049441876,-2.0199354244067362,0.3747609848199431,-0.5867021053984685,-0.8455683822323324,-0.28033717062529856,-2.8017909253453257,1,261.7080546787063
0.19346407596907783,-1.1064057480204446,0.16655290777090695,325.52532578654535,1.7937702618827889,-1.497645796386976,-0.6209801864748569,-0.32219279899402814,0.7569931533990546,0.642418461696018,0,217.91455270868332
0.27988717442404754,-0.06425672410617606,0.23534429387344885,374.870810416953,-0.8301273245611442,-0.6524004695110773,-0.14517870371629066,-1.021701257028455,-1.0885546508125978,0.05601240090522486,0,218.11752260658727
0.24064385353374834,-0.024466095472177297,0.21005906773212468,422.3731674077916,-0.03305679737119168,0.18344757417338786,-1.0596852286395404,-2.041907073660473,-0.44376078938266167,-0.20274607720353996,1,199.60814606343504
0.4763450528652204,-0.17540988761087872,0.21349557739461522,388.82109825896157,1.597731496087559,-0.7108463825445491,-0.5138189599951848,-0.7859354479027831,0.49903293567432555,-0.7433853355736035,0,194.6282027292847
0.335692651128075,0.6841295727906126,0.25294601713011733,407.63818511166073,-1.212707550327199,1.1095652144526884,-0.9822948663515559,1.75336408833307,0.970280994655945,1.2597292220155505,0,218.32078101797563
0.37357235491663554,-0.10552904912855053,0.21801426502787674,417.3840183850007,-1.8915079990077595,-0.40852675634436386,-2.283612881030559,0.8782938714734094,0.02476174083592886,0.24662511486547026,1,205.3133886409201
1.183628221042058,0.10865494940468153,0.18796802675031293,410.5269969292377,-0.6369830671629629,1.308083432386418,-2.1423936595255935,1.2998546090293328,0.11626631361255318,-0.22333907494955296,0,192.39932381427369
0.3523530647196514,0.6511444409207238,0.21991284512407455,505.47813067074117,-1.1011017926847941,-1.3819574820856406,0.3471587145021703,-1.9173491189059062,-1.1661188749094782,-0.6448454941262077,1,230.94287874558535
0.6460462978498871,0.015504418186997484,0.2221062844207218,354.6012010131389,-0.09242035076106529,-0.12031463870215435,2.259951476985053,0.05505437618607205,0.9981662082956666,0.046451276802824654,1,208.24612903689524
0.5241051489400465,-0.19260479631269586,0.21811866604712185,367.50166879574067,0.0576039793350637,1.2967195891978742,1.5564443824515966,1.7133459598342677,0.8244490643080308,-0.360753963188939,0,197.96589339239873
0.4431488022320296,-0.2083863315135291,0.2265571782636474,353.4662779404456,-0.8178512033114388,0.6724577694435994,0.651294345696174,1.1685579803628265,0.2815853144533109,-0.33402930392738855,0,223.36812050607486
0.18194457822753385,0.43962467027225455,0.21975565426396912,367.31152661038146,-1.060330281813128,-0.125018746284492,0.8887227562241319,-0.1687316200512877,-0.29536122222520733,-1.2498797820403982,0,220.04318795527473
1.857340580875755,0.02696198194470447,0.21198421422688876,431.7634779045316,-0.11976763765167678,0.8005496244591873,-0.012590881250399475,0.6718286721940827,0.30344146702057617,1.6093348869866932,0,175.89827592474796
0.8231577238074902,-0.5578820546201578,0.2594955455101857,353.76180396806006,-1.0856252474163017,-0.49792242630715267,1.4059533089765783,-0.7052179214409308,1.2040261245806132,-0.1598525615835226,0,188.8140840913607
0.032742440557136564,0.07311013687743219,0.26393286612287553,415.21514142582487,0.46345402848348066,-0.8087810461495376,0.16659754952589195,-0.1577344712131972,0.849629326227465,-0.2603669173372132,1,134.43371350578468
1.1655406208735617,-0.03292633506913244,0.13738917998358283,410.417384130861,0.2600390005911731,-1.0046879198210492,1.257666453355126,0.3183156020691297,-1.657129004272005,1.5975734778070465,0,204.63332306497313
2.381108130730186,0.021492035798005293,0.32843028549595943,454.6617020551359,1.9302270237297885,0.17440601528719837,-0.22609701963301262,-1.9511294394798786,-0.7626932427126091,0.227722221525382,0,159.82107646014396
0.6961589548472861,-0.03374174282727476,0.2190993979762214,441.4547411521029,0.12616127757938486,-0.6161244076872472,-1.803403132151823,-0.7041132010382977,-1.5032579383783016,1.2975269333254489,1,238.94045894550553
0.2764653113534885,0.7750042575015327,0.22889735318978663,494.4174536967364,-0.40026885737750867,-0.9905710173100656,0.2115149361279916,0.6577130213637944,1.7925061380976495,-0.9252564251603661,0,196.8625352339406
0.3206712785540159,0.019447258822576082,0.23980981818399805,389.12642823399847,0.7675444369565299,-0.5560139000379615,0.4203531650958184,-0.42263685539473644,1.119417130604535,0.48891690890301526,1,179.09080271276108
0.858311608517595,-0.08346703112695032,0.24514571399754806,347.522396915196,-2.2820332775042402,-0.955666159555209,-1.230766520509766,1.2674530017663712,0.6038888985082698,-0.827187848618909,0,193.03922976471014
6.194966593047387,0.05265568814068459,0.1580382024338051,488.9783707029763,-0.55656449018482,-1.1863794451822858,-0.4459572779595199,1.497737255235379,0.0216519725243554,-1.5085992730896245,0,155.31989470140425
1.3156405871300025,-0.19665503685061284,0.2568116549852233,337.86775372847114,1.2709009086091008,-0.34010594393953936,1.5103735770492648,0.5061818660385082,-0.20104421709043604,1.4507005887478217,0,191.92431133965349
0.37897223527818713,-0.07729372319240452,0.2285002313806716,397.6128085597091,0.36121657618430375,-0.4114837094039928,1.5596298261125998,0.4060880543242978,-0.39806352881977664,0.4746829285119588,0,209.99981277863412
13.399554945519641,0.061269116045562975,0.49865599715557374,492.48896431740883,-0.721978014084738,1.4210188254307181,1.5147848881315364,-0.14119013428866556,1.1602467837214911,1.2930657728898969,0,129.93720389356517
1.3835994870420936,-0.17479791333615038,0.17383515141198871,418.6883020989043,1.9286526764532366,0.5353789735310182,1.696588767404872,-0.6625984018394998,1.1571121792535177,0.05678205866212272,1,231.34288192293323
0.14391060787887267,0.6970104922878217,0.2167985093689283,379.5803729332939,-0.9031377829664039,0.8933883887135817,1.1149444046380792,-0.8857057679778315,0.7825499862891445,0.2972787691258642,0,219.19066270434834
0.14856928898568256,-0.2982634806874357,0.2530639501523484,367.6218348796489,-2.150853436103817,-0.043776834905335446,-1.1472315041574004,-0.44126843384982267,0.2745465966854083,0.7308634806825263,0,225.52686764802135
0.8512231029731209,-0.4126980528500876,0.24213764506243737,312.1724984555376,-0.1746383158402162,-0.3783720494225576,-1.1451726469029067,-0.1425658871906474,0.4537419409303321,1.5779994244220974,1,207.46160615792357
0.2720403987215501,-0.7105836587779967,0.1979246289402269,407.35298096453744,-0.46149493410284703,-1.3745173095962298,-3.0339743837067954,0.4419702973115367,1.0309871223051223,0.16060485421054327,1,206.00896065584817
0.048509119442793326,0.5701486048520633,0.3751388610431428,391.78677771669993,-1.4487931665187364,-0.591280902466296,-0.6538730683376012,0.12980577490339476,1.25410684311621,-0.6978178537085837,1,126.50261564089863
0.5827049822717021,-0.17134227852591125,0.21891382732416856,415.27385796224803,-0.3299467016234558,-0.46524524877535123,0.6364622260293437,-1.0479139310002827,1.3297432602662171,-0.22724382055749812,1,225.89829846919812
1.9979006110499973,-0.0615361586067574,0.25748573010415704,410.17795090645524,-0.10676127495436959,-0.5101292471565041,-0.7151461809521927,0.18734492233284067,-1.0453874894129482,-0.4070493170746087,0,175.11750976613587
0.3498710399127125,-0.36481442841450856,0.21987590766245238,360.68724100069767,-0.11760410105704355,-0.1848202297633615,-0.4357699561470119,1.3325635083099039,-0.738189965034064,-0.8674020062997664,1,182.80102421376705
0.3956470246909457,0.04732572690299856,0.23364171425265884,394.544039872772,1.1034302071743352,-0.7392486830994595,1.5989779771213801,-1.069250967324021,0.9533061815592232,-0.6807902248762242,1,177.31817144240435
1.0876395069680465,-0.0175988678230021,0.1943860074830645,466.18495462828935,-0.06845223333302689,0.4254498469578691,0.711230269790479,1.0236318239209126,0.3518605475222346,0.4547102645443264,0,184.11923585712876
1.1493568938552456,0.29823870934849933,0.2443117773894984,507.1956467794264,-0.06355583075943753,-1.2865596621017161,0.853791693059578,0.6508132609304119,-1.362316877471394,0.056498441958053015,0,165.6649576307281
0.2962190999461562,-0.5696097069791911,0.2196758412144583,380.5669573869026,-0.9903930588883616,-0.6261785770707601,-0.2266562296892805,-0.7828078182690957,-0.9993085887447786,-1.3672698333129485,1,186.0287912475584
0.46919860945375413,0.13902539884404633,0.2143054858480459,342.8879536198671,-1.8294508958308084,0.08367373966543014,0.5637814904726608,-0.6781340067718068,-0.8888002440884993,-1.0534598555127686,1,194.98454660671277
0.2375476105129025,0.3481899521232559,0.19255137488611626,413.9256322606331,-0.5611912373874932,0.007897484081412479,-1.6502044573556904,-1.4188418135342142,-0.3359405272367908,-1.3567093236185013,1,203.43932568414576
0.44467315773412375,-0.013495854706989857,0.20834574597833305,414.5970265908909,-0.6336131712546929,-0.03773344711486655,1.7284521133771593,1.3992732554854492,0.28794168491262556,-0.380093202612735,1,233.57650935178097
0.13647472836328844,-0.5019442088990669,0.14026820448395916,329.09924717215955,0.6160954361464889,-0.19885049485515843,0.39257357420690775,-1.4142104179903265,-0.3177253727422287,-0.0592732567752811,1,171.6798060538978
0.3106046565654287,0.5261341443910148,0.19517610942268557,422.53904962979783,-0.8976308584015127,-1.3313664073401121,0.4726511540990667,-0.2728596334616713,0.6989707292102533,-1.337913378196014,1,219.88107260195562
0.8202429570987232,0.6586131059650798,0.17907033008215908,433.95738588919954,0.037554818691375474,0.5410784299926399,-1.4315268680977218,-0.34331478797389525,0.8302922843671815,-0.05736078861129791,0,198.9295671240051
0.267415905260736,-0.6217410817165439,0.20569289346428787,392.93823719149367,0.6361152050354032,-0.969567218032461,0.39060375014966825,0.03318904265764194,-0.35049566087157696,0.08762686547261687,1,193.6754494663113
7.9394411003030365,0.044468386113406075,0.3795140300005686,500.71670579162736,0.6250231543456714,0.4451944878985227,-0.9143922200192055,-0.1106517014791054,-0.7610859181092762,-1.2138868317109353,0,139.21198779610205
0.20693973519608827,0.5857579139105406,0.2412573139786627,360.28699753472574,-1.7205293756674398,-0.12627532306192285,0.39771675028294035,-0.2551895336462258,0.1772857925727816,-0.9855297582176217,1,163.34860229765803
0.8983197281315265,0.04561125962941694,0.24118605098978207,360.67217733624983,-0.6119496401567714,1.3362448843978751,-1.52520430072554,-1.5130032094760597,-0.32822784327909793,2.1484360264825533,0,192.71107390780335
0.10557674514437398,1.2544918100743712,0.1818589836462913,433.6358964172186,0.9595751114780059,1.2898947646105083,0.0416282234067862,1.6533833103225506,1.3326428661782457,-1.1517759634096933,1,184.32081222273047
0.4150654405019833,0.03152343173120223,0.21860486709620278,412.9009505401121,0.6195219831683532,-0.760946722364874,1.9620841664321491,-0.22049235556010177,-0.29914086593118466,-0.6038831960130456,1,203.18708535702098
0.4312218456268103,0.10312502244122664,0.2202386395711144,360.52135658240763,-1.2450770948595296,0.5637732345076785,-0.19842936598336042,0.8235699351518923,-0.09066191667802456,-0.3858277236267306,1,184.65350373250456
8.05779397782676,0.03423579367444692,0.14912663590777672,506.30334819039336,-1.155183241527881,-0.8667827668483185,0.8482168073653141,0.8788031935992505,-0.8951756664811232,-0.04987058271616445,0,148.0424207141211
0.5619361464327146,0.5645769172157111,0.22249496328574409,498.7501036015223,1.0145250915070694,1.3573863242344455,0.11117467482508456,-0.17988678561464416,0.7429594014965872,0.9593690019844664,0,172.36223218335925
0.15023832277530766,-0.1064488223808563,0.23397913995732317,337.9035123419379,0.18368397260462382,1.5988638313349037,-2.094443759598925,-1.4368468638482914,0.11656458172102643,0.11072795222924611,0,228.8638935859309
0.2327228105037237,0.05202840274751699,0.23246958644757224,362.0575433644628,1.6231895736089994,0.22483885927310104,-1.1408103133128755,-1.7463917109565306,-0.2286116059314607,-1.217896299220433,0,221.8134265083407
1.4510698376881734,0.1503931968919583,0.21204326120987785,405.6561050948886,0.3481899136817993,0.31450908811774264,2.1885144812713793,2.4020252137941167,0.4182458057850955,0.6756043426436429,0,184.3608096059316
1.9506421686646023,0.09003583559023834,0.2342007728015499,376.6709579763655,0.6469742632471063,0.16261729086725218,1.817557207752739,-0.13716129482926973,0.8154661571770733,0.7867507698671489,0,182.123760578354
0.4813578861719807,-0.4638205326481213,0.2168288986960965,382.30522672189124,0.3956656640979629,0.40384173017319563,0.05062716323277762,-0.9183274286073562,-0.5297620753412142,1.1344900531824162,0,208.30251561691543
0.20111621689668815,-1.0009691193343269,0.19774255901941584,364.5624707201718,1.0767687493422555,0.40536935642796595,1.8512470001750825,1.5911569191237729,-0.2135563898363511,1.685197247946623,0,213.85284924036932
0.5475112448865255,0.10869534794446721,0.21839302631580956,453.73584705707043,0.4912785944137237,0.7990521148106203,-0.8885652550514302,-0.5501421479582347,-0.05755238941917206,-0.9540684344541428,1,238.9573465274552
0.15822311742681533,0.9736898046754793,0.2042773387135717,467.7698201110754,0.9133195768414258,-2.8559154335881454,0.19709080409506977,-0.3838316666260223,0.7069510480748925,0.2589559834573905,0,201.35187298459212
0.16799407717092785,0.9716649925406076,0.2859366538595117,537.2091021969958,-0.6659124262081891,-0.1582342375964152,-0.7760258169969164,1.0342658129833735,1.0828194661509218,-0.35513665679492556,1,207.64561572008392
0.874705911333704,-0.31638380973141617,0.20448472239001783,364.7303310711961,-0.0379587463340886,-0.15343777730250122,1.1243425345497933,0.2653364005682785,0.8896432781536906,-0.5676177822120837,0,200.85591332387622
0.7910529348255866,0.041064108265066596,0.21094279753328002,395.7248723308978,0.3836378867737657,0.49060959357106226,-0.6808962889991004,-0.29642087657717925,-1.6224302162823772,-0.7960454947661945,0,196.00253474696552
0.3416243394447176,-0.14349938545765742,0.2224593106510781,421.76805061468957,0.9325025326124157,-1.4842994251442532,-0.5284231345258589,0.15671042677991417,-0.6015724974370807,-0.03520573501990971,1,200.98570370177458
2.2381444791727,-0.2533213866125601,0.23300459075085173,344.54222137810865,-1.7202186442969358,0.1592353955129052,-0.6881527889865089,-1.2011951796153335,-0.6622094295080942,0.14838693354070429,0,187.13734815277604
0.1876963549193149,-0.9001546289354626,0.24138507913427093,343.813924296793,-0.02494984296241784,-0.12026938851783876,-0.060634145863505504,0.4070811765970635,-0.13059739567455694,0.2543472402680742,1,156.08236498852
5.639739323718951,0.051636623187689225,0.22974026236431147,407.0894574314429,1.7994027312910734,0.3392491962843012,-0.36312169827249213,-0.3216263805680826,0.22271514140289853,0.9848469517533671,0,164.2628556676295
0.2845958535307623,0.29609458379223297,0.21644082580159132,416.8002988391777,-2.4176353174990686,-0.2736361570852652,-0.30832816648171973,0.18245334964581078,1.008378269837443,0.2900391691527846,1,201.55131485072565
0.9310289324190429,-0.11359996200380729,0.24998932136196753,361.0971540785113,-1.341119845663988,-0.027690935567744625,0.5279195489782442,1.3582992194644004,-0.5640810595930001,-0.76126393661344,0,191.40442733888457
0.7087526522861178,0.11214734119992678,0.2338995441365141,403.3290134766873,-1.8533490701413098,0.15556555685326415,-1.8228050781012348,1.0929663847164304,1.4919117346190558,-0.5353838189324683,0,188.68901088280558
0.08948324460159351,-0.34773917916541724,0.3061273044593487,398.09279287846965,0.316310712069537,-1.0836702161572676,-1.0099064281577275,1.551432027880314,-1.089170424777646,0.9154627073159118,1,146.22643299644875
0.9222522077212123,-0.17442201251128372,0.1803293117891563,470.7370914416442,0.11814855876710911,-1.6307634418637036,0.6850858756204457,0.7030413752525504,0.5836370598153975,-0.2961669881341203,1,229.39184373017252
0.10019609446789988,0.8356844802905362,0.1839221147201525,404.8280346749722,-0.315603497752939,0.9032359056252827,-0.4108591327010615,-0.977320666747684,-0.38858810590608184,-1.3525503412009319,1,174.68055064718834
0.21062158524587124,1.0246046316015476,0.19027910888742663,429.3524831544792,-0.004264268487497938,-1.0397529964095327,0.28816112566786534,-0.034818022695491106,0.6307849679641852,0.161591941697477,1,206.8119191133067
0.17724371787953155,0.04633659321453626,0.3008419017713545,402.68026404916577,0.6876097479134626,0.43887048908367615,-0.062038704330803315,-0.8691411452933783,-0.339836614019714,0.4658229468717987,0,225.52099357375934
1.466935810655937,0.10871432611873122,0.3130697686175122,337.6442059956212,0.010318270067731321,1.5179536673350862,-1.622511381492175,-1.0595273126025873,0.238070663802625,-0.45934795267794043,0,183.31625472656245
1.3113639218787794,-0.2573490818080876,0.1352355144188206,349.3962349204293,-1.6575846883104435,-0.5267090260829005,0.21763707947494024,0.3430180420391875,-0.25227642698010144,-1.612410461121932,1,187.50090605263767
0.15059841016702497,-0.4674021535075428,0.2411045788550565,380.7814443776536,0.2501441891084485,-0.41456261659699645,0.07988563108464983,0.6820588806099794,-1.8223963116476327,-1.1367389533019732,1,164.84412411974347
0.29483967927207505,-0.8221213156801211,0.22716403437806085,305.3362411944795,1.3333568480356504,-1.5466896805370056,0.020630827258693876,0.20696897152389745,-0.8050321169052373,0.7521885212318891,1,154.15256310314103
1.0575622240492766,-0.28161729294874865,0.16730640639657926,331.9146789004956,0.9715177141116251,-0.2932663003225379,0.12734714796005792,1.051141959669615,0.9870315670940335,-1.0044773781366463,1,185.32074798571927
0.12925467422997733,-0.11639443717773967,0.3216557938929101,376.9907854740621,-0.8726920163427444,0.22022814937857646,0.6152798689807406,-0.7322015627569622,-1.024868388154669,1.4023351290728814,1,144.5561557703975
0.7535288430373224,-0.5839798886042497,0.22817466043784543,296.1046451228807,-0.060167416074159485,0.65126852923157,-1.6124631608002304,1.520332908375577,0.49208065107331156,-0.5623170371350089,1,190.15533640100918
0.3637310874122195,0.3280696683677996,0.22299451585215316,493.64066931004936,-0.7889868493068822,1.6151734387016152,0.5178815215523278,-0.3259876822036511,0.2173160457238352,-0.7707147659395535,0,191.4876710424725
0.6146209781669234,-0.16413990006737345,0.22038154755578998,429.72745912785876,0.1217873278404884,1.2783300410860763,-0.3079663833663503,-0.18980020604399284,-0.7198412726431355,-0.21390529579749326,0,189.24268638993956
0.9493241523825077,-0.19199199909568315,0.1912675203134822,362.97570790304536,0.20075283084477463,-1.3017482960419766,-1.038332175315872,-0.6385038046235244,-1.362078250484653,0.39638324267049496,1,201.52196501297644
0.18888012239119792,0.5400016617169615,0.2247728677904911,380.1510063879181,0.30217808414191105,1.290899870930432,-0.49231658033492703,-1.9033135471229097,1.1100001447631251,-1.0633736992272285,1,174.17275922360594
0.5913190668991729,0.09298376682786266,0.23105499734079915,350.28370552992095,0.1382588816039522,0.44244381321866444,2.45100504942816,0.16061238945381823,1.2125396088045113,-1.2833864872013976,1,224.09296029536037
0.4185145032122468,-0.4824550405344513,0.2090391509627776,385.09948666547126,0.40449946451482466,0.32629914244308733,0.9150532133500285,-1.3961745079174508,-0.00480509203208948,1.1775810280786674,0,198.3206038224485
0.23947734256478823,0.2980543970274863,0.22766656679105549,355.4119492238395,0.24703153967849967,1.5698453715206404,0.9813303181947294,1.2437816838428446,-0.967052431818357,-1.0568137950108647,0,219.8923214490685
6.271814367332413,0.004136675146223938,0.20923722801967348,326.7999919165608,-0.46397230778806897,-0.14890764964275768,-0.14317351521637353,1.5012374322294517,0.5585374133687601,-0.05251502087616843,0,179.51252886011176
1.2493341152269641,-0.12909920181121062,0.2059648335385924,334.81487910169966,0.6247922938649503,1.0872873645585115,-0.7755233207513549,2.048266196254717,-1.5522446083508525,0.9541575966395907,1,206.6356604786676
0.24812210693941064,0.956760713888942,0.14954753092221107,486.9617737594218,0.39292828905759997,-0.830552796238855,-0.07703712847395075,0.22462110070202018,-0.02291277081718972,0.11538483218241148,1,253.91049146273807
0.0968061063986043,-1.2047166943713483,0.22127740043652241,321.534459293964,0.0538854566795628,0.06775275965069794,0.9384693795969016,0.09086544664476855,0.37131304651544345,-0.39854306008981966,1,135.31128880504406
0.550322189733296,0.08109724019673768,0.21370919342931183,371.60929326551553,-1.0186976335668783,-0.8116425278849629,0.20753717392268198,0.7877120173484452,2.276159208556137,0.4714221258052338,0,207.52541140805891
0.5431869069617105,0.10779826129589752,0.21229566074111794,452.8912081603214,-0.8506517940320893,-1.287633069628177,-1.7569494581724345,0.381620171413389,-0.3648605685406863,-1.3743576371183115,0,195.48739272958133
0.1780178696635402,-0.7276025505582462,0.1589591759913716,400.4698429092106,-0.941476310634406,-0.9036046923649697,-1.3537403741484324,1.0853259982908177,-1.1416862221323056,0.815666009220344,0,202.9673776275925
0.22190992543617521,-0.9528121962712931,0.20951702422698443,360.61223221340856,-0.4460564735195716,-0.2810668411273883,0.11427022327027646,0.26428512361084505,0.5966698165191383,0.3881345665961218,1,175.7028977050799
0.9302117048000692,0.40157264988558916,0.22823113221247596,386.5787547327603,0.4169320055579651,-0.7369578592712488,0.972008355839937,-0.37374163244348135,0.19276270309883248,-0.7205705378821505,1,228.8977296520078
1.115036824109835,0.24469070280551267,0.2581426236611672,441.1248903749005,-1.1618055383568109,-0.004962834158520039,0.5331361773604248,0.8690133391518642,-2.139595586544693,-0.6543905001137059,1,260.7778097315503
0.18889800392365722,-0.03698562937725367,0.2744126462304601,404.631568811476,-2.565419814547982,-0.43714777828261075,-0.3679418078850109,1.7917134919138957,-0.11138395545707229,-2.061561654522875,1,167.04100400981375
0.141269228902725,-0.27771705489726156,0.21366959049322812,348.30779602498035,-0.41868422453315696,0.3907050858508464,-0.24029308564726254,-0.6217704287233564,0.11876799033258877,-1.0262801004295177,1,157.91705305768207
0.6113566994835595,-0.2526848337790748,0.2060122558166517,414.96197155126004,1.7392141738559128,-0.1625605385638706,1.0807271200886686,-0.692192880694472,-0.3559066525794382,-0.22154418734746542,0,202.46958260625294
0.18743219469184924,-0.15360681690568284,0.18329579719413788,333.4437455025541,-0.4912408606968456,-1.3021504175000185,1.1803510725158763,2.1452238100790253,0.5863848094444154,-0.12037174127792742,1,171.7030567285891
2.1818979671500136,0.2872653904017253,0.11111087913275881,460.2379112534642,0.8520060405221778,1.281336049342184,-1.2537207788579114,0.3426714944499817,-0.1951129448802267,0.09024588598890533,0,183.60870714467026
0.17779491541487788,-0.20885758224413875,0.23648553531130373,339.6684732429153,0.05270499015755628,1.3218920092627635,0.19864604082695553,-0.9873826135923236,-1.5216004963410172,-0.7864335230582756,1,153.37902172740638
0.36785948157831255,-0.45270534962673264,0.21756738554580557,412.25111395678965,0.8198029109175865,-0.9694076343031239,0.032089377339721815,0.41468032780009617,-1.145428218497386,2.1787539533071456,1,203.21078264250855
0.6885507529569815,-0.19410712533226002,0.19752741370533494,398.4122184153714,-0.6019419366867145,1.5592715708699576,-1.1817385455149547,-0.5607399587450841,0.9320467884898079,-0.36483487361240435,1,198.63435037017007
0.24350114733330896,0.35711246037469735,0.20586932858802273,393.04076038515586,-1.3968569955860126,0.02263593119223633,-0.020957559864962613,0.11637137504576173,-0.30293027084637214,0.9921124764808947,1,192.13578728162156
0.330972720767001,-1.3530578528986952,0.21697357847917495,288.38103766196195,1.771992877339766,0.6570463910699177,-1.7608498408276003,-2.355711854248098,0.07954074374221122,0.5808686278863219,0,226.60476154925007
2.740754166236389,-0.11852386473240045,0.21607629236164144,387.88802257971423,-0.21096233981045037,0.1141337650762012,-0.4972536004610063,1.811197819830117,0.5543563851797048,2.2682275665913534,0,178.1693895404252
0.12334985865209747,1.091754618988441,0.16573601145464456,430.8390966040111,1.0771970560338242,-1.5484438803825498,0.3348711079034889,1.6750295648802467,0.6842208629156153,-1.1750654699148622,1,192.9126462559186
0.19319837820802557,0.4925657697431777,0.2000457863599473,551.5802674808697,-1.2110306565079971,0.023903364231990416,0.6629178940003861,0.26981290215861,2.066110059469854,-1.297088762216323,0,186.5376355036283
0.7005668536883294,0.37302950365047277,0.23798902060052776,447.1510572293175,-0.10784390655494386,-2.2057464562733573,0.45384505180936563,0.4685584871876645,-0.9130415815268984,0.8639264698227466,1,254.04621938372287
0.4020782004924715,-0.6769240498652906,0.2098832516655067,364.5638414159133,0.6870937043788623,0.5746907752312725,-0.5492615529303699,0.4260161132443686,0.12662046296345986,0.10445412361916427,1,199.6939967603507
0.48805745019124647,-0.14890058432932599,0.2174607580954899,340.6408503725445,0.4613738162444837,-1.3000555327986472,0.15092499530791995,0.21537027479112217,-2.2441471123659156,-0.2558965708836898,1,168.6009336155457
0.549350519355049,0.9938033088799609,0.21362402979546619,531.1442731306353,0.8540364526907956,1.3884490616178178,0.11255424461575986,0.8876732236069919,1.2879471760238586,0.37993990042883186,0,183.14719154879555
0.22815746851433458,-0.7018210591130839,0.17558337768267918,351.82750294092074,1.9017783098398415,0.04260991579257158,0.0590580521529058,0.17672060124650685,0.1667657870099152,-1.263843843824621,1,188.25301127285138
1.013580360644669,0.02567894607401649,0.23899825076114886,326.20726430630225,-1.1085135709073042,0.18234086321497772,-1.0559096562136578,-2.1111249908909198,-1.0993026282399843,-1.6446571365922515,1,213.4689983401773
0.5478306354784372,0.18356604122812045,0.21527467242778708,417.1485771993927,1.2272199156595907,0.5513939794592537,0.9474177853454866,0.7948422464502493,0.2155964103597779,0.7980492700593449,1,216.95727856405796
5.141170512055462,0.04464142775027423,0.34454067750915046,433.2507656162237,-0.9988547100252327,-0.08705641547806428,1.4605863395343046,-0.21247617488455656,1.8506423496177864,-2.1298242596678607,0,153.08587995594854
0.1170798874063458,-0.0247931041514846,0.16377439421856663,467.74570481669156,0.2181646378828608,-0.4837662415724425,-0.05336808279951811,-0.7995198452747402,-0.31454900886989956,-0.9503700661579022,1,203.8777727253836
0.08423948418310433,0.3469948741631888,0.13341982170033384,356.5830433304615,0.15622948414994325,1.2876218578662684,0.6095364741164694,0.7840386396837016,-0.5200995662051984,-0.10163472060687392,0,224.5100076850104
0.10613580883948863,1.4013830878021067,0.3102398883278942,419.4113034863745,-0.854584348627873,1.6221616221001947,0.10342021802344434,0.09961398552291294,-0.9185854608678472,1.6313352291174925,1,157.36853134663713
0.20456872685564256,-0.630174166781017,0.16781618410053725,312.6683402351977,1.382125989878401,-0.2289789126881072,1.1753280216294515,0.6428665026475967,-0.03936904080953035,1.7303523837223487,0,218.36006012980886
1.0252575496547212,0.027025978466765712,0.20467099225082355,416.37361461176073,0.1372550195884218,-1.1322063896931307,-0.5685327423644877,-0.14267548365029212,0.5692292473064413,0.3699527864691894,0,190.7152245631423
1.0115855054661507,-0.5364142705533516,0.2812489003904914,343.1231744907508,-1.341289642364906,-0.2764484645931497,-1.2946258679345255,0.513221953038934,-1.1867237950770653,0.12008945107098529,1,234.71501961754112
0.6167888441441701,0.020512093918458676,0.2091445584853183,422.193221145438,-0.2285874077472514,-0.7030978019564161,1.2749117692988372,-0.14251820393781225,0.5570031564421071,0.058646189096597245,0,196.83040328385835
0.1456961485383121,-0.514315640190789,0.25888724449960054,336.04133171210765,0.48971784849582883,-1.0380825419886999,-0.20772787284362432,-0.226188952523816,0.40363040966345076,-0.08257907979598102,1,143.4693328759267
0.3057530267837166,-0.763918897688634,0.20954382658209508,334.05379556151775,1.7884388082698228,-1.0180095265066782,-0.5172857031133962,0.8550952534351692,0.3630935284297394,2.9061060443545617,1,176.8643395105857
0.6118412997487528,0.28434137924001107,0.21397134124164405,500.19614895320746,-0.7936781164615642,1.320973671742899,-2.021649647518892,-1.4608615971928958,-0.6973869087963651,1.541119470102995,0,183.22152141714918
0.2450978601138548,1.3133497455654846,0.2594506918605294,502.69108398554056,-0.45690366624765943,0.040851836691664194,0.29484987136763063,-0.0384726580639074,-0.03600953293911423,1.877749876906368,1,206.24632760571984
0.6142510582913363,0.6860133518037304,0.21706188476444674,468.5829527397346,0.37960212959863776,2.0348155739839267,0.030996288081830883,0.6420186002593792,-0.416255378095333,0.03311817477094894,1,238.33996109086453
0.5988902108975799,1.1901516548656015,0.21685002373874943,440.66709733489597,-0.19076797602597861,-1.338713874419491,-1.0398701661222989,0.32027367501857723,-0.3417832153829232,1.0712592696919851,1,229.5838452920917
1.1259140714202571,-0.026257808635385602,0.20728967766078796,450.5106945599934,0.07783398305137618,-0.7549429705989701,0.05207893353042784,3.122012234013834,1.1387294116072078,-0.1048544515168473,1,244.44649686393714
2.7716120871407464,-0.10082739026340183,0.27910837206421696,335.5937837827291,-1.5811545211470233,0.6502000844533434,0.023305556179161458,-0.1990114329749341,1.4814874119947339,-2.5114474729695657,0,182.5126351891371
0.31176313849011555,0.0429993696335132,0.2549868732208655,442.4874285008082,1.1757698082775043,-1.840618591126009,-0.6642492921634762,1.445061414818981,2.3701908014089064,1.7715339744032712,0,210.49881088487422
2.3728600375927393,0.18315503178875017,0.15977546195054548,487.37345677944404,-1.1729291054216227,1.830356351264144,-1.4048295794518555,-1.069882291315773,1.0318376683569292,-0.5656797508906634,0,170.87621951589037
0.4772663363116981,0.3395221965599391,0.2169380220997948,388.29366767158757,-0.2937709244863321,1.5522713253764004,-1.140481595716143,-0.0024465070121947514,-0.5837950852142694,-0.8611230978539709,1,199.04208685560965
0.7617506530821272,0.34002526339940026,0.18032550831163463,421.2010619260482,-0.42671801652957125,0.02018844201676179,0.3974629445148775,-0.18792057842768753,1.0753177143959705,-1.2113459368322732,1,201.72187661058368
0.17141871868230407,0.02649412033274078,0.17576383255828693,400.1077983334909,-1.0319194031907641,1.0627642181196615,-0.48952231795546614,0.18391476793156833,0.5118248034584403,-0.7702876806003881,1,191.78292846366227
0.1956794089506464,0.5950060698619892,0.2412251245456578,521.2300052087872,0.16819471114098813,-2.070766883520259,-0.703738870691014,-1.759917818956413,-0.17337297142752767,-0.8628745732493229,1,215.67938097635968
2.1281920487672483,-0.17409297509236957,0.1374751929136753,344.9902151822099,-1.1578293400269044,-2.0246985978646475,0.5520699319906797,0.9947512714175045,0.335080664385905,-1.1249410863728508,0,199.75731688195674
0.11535416555208931,-0.8625900683415924,0.10621236633694112,325.50078653660813,-0.5152548737217992,-0.04643559050525922,-1.0346436399813932,1.381177461819375,-0.5956959948928077,0.055913644275396746,1,172.70452280755248
2.6089105020482446,-0.1923602722296821,0.12737174254680222,337.39771691972743,0.03639828335051805,0.25511996770144907,1.3976865483627408,0.2825147540766956,0.5451279110773193,-0.4379840621919134,1,211.5893050820695
3.1128800750964998,0.011925170164545428,0.14283132724980435,419.7573140439898,-0.829533923863118,-0.9721548565854483,-0.3535501080061554,0.647810167639274,-0.5625241350875253,0.3184782683636777,0,179.47119927279604
1.8046484387712183,-0.054933340743627726,0.23339757705599623,320.6619400604588,-0.7502857668943462,0.4017301953983705,1.8451100929902708,1.9602849166871459,-0.24587209576809785,-0.13090139629628045,0,195.21105005511643
0.22925522470850504,0.1436425882546682,0.24027591495522924,348.3992878462438,0.5991733100967848,-0.8417117349972704,-0.2982722960553274,-0.3964091569197422,-0.9388576864424911,-1.0482825961938298,1,160.1526328223378
0.4971822610228153,-0.8718147759889286,0.216073353608905,301.70876675313446,0.49883778159215847,-0.0630737320080946,0.8529945602278441,1.1264537176064349,0.5825637454318099,0.7281051344342677,0,219.95488477451084
0.23645632550520715,-0.8216775193881073,0.2691024734217088,391.04420168549103,-0.00602026747022151,-1.7253450103775192,-0.2343776483443557,-0.0036411017596928207,-2.0123329437877904,0.14759564072129064,1,166.02880417115853
0.4831559361294171,-0.3396150026400312,0.21517295750879253,368.576430079495,0.6323100295543728,-1.8195681112404212,0.40727208370732715,-0.1465001693139436,0.5113750052911478,-0.12126961987530703,1,206.23922626935487
2.687147833608199,-0.3017414776450827,0.2840805884075845,333.15118340914546,-0.44733345810296066,-1.1146693932630016,-0.46676383971754093,-2.202535102255862,1.0986996232469115,1.1409337764956549,0,183.35489077573772
1.4359055205438014,0.2186688973518088,0.1473636905031578,457.24191422295365,-0.2238966303664567,-0.217551778566558,0.6453412610471432,-0.10705551137274551,-0.019502396572084024,-0.3950760491769322,0,187.72813441986654
0.6524963543093787,0.4506078356242005,0.21342864194755992,441.37129105876676,1.2192039073055647,-0.09181126134937369,0.74076122831796,0.5136439301574949,-0.043480964526490126,0.5955316210725544,0,191.2572136158042
0.18999990219789567,0.05403904627509576,0.17621418702396888,409.23240102893675,0.07217892826670688,0.7754781364218938,0.31195850004827613,0.8610873133891065,-0.6940859613061393,-0.773800718253973,0,204.35279095218777
1.3668978033037738,-0.14120242725440613,0.1954285993809285,449.60722895810187,-1.042735646004781,-0.046190809948883665,-0.18252986595349344,-0.5867530941162158,1.4259709368645532,0.7014521998718914,0,182.65594824935584
0.18686441810217577,0.16321047730525953,0.1976839554826492,430.2920283977511,0.44878882636889594,-0.40561437095554775,-1.0222308344434499,0.9307663409984941,0.27920286229469704,-0.619723162792289,0,203.5195569908486
0.12147929472943564,0.03991066116876784,0.23394198643658032,441.587354802194,-0.4545145416328417,0.17800938750661266,-0.9617421938210639,1.8508338276266512,-0.8892820433634123,-0.9654216146637021,0,212.61464162050788
0.11887872731281965,-0.2893322406454985,0.12697355545683098,484.80579190022553,0.13458005558873223,0.1398940970273662,-0.39975049035652027,0.7365140946605785,0.3667277191647255,-1.2587095208824153,0,194.06865940989522
0.9930850277158857,-0.2861238966964676,0.25475481200476163,338.7407585475701,1.751615006196233,-0.5222402287942788,0.6793393330928573,-0.2461667777971065,-1.7676753538966303,-0.08449390416955956,0,193.85947969898075
2.7666438336859964,0.07820713533422877,0.31414522513338544,389.1235053371017,0.6897522151711685,-1.441078503877396,1.6281385597982145,-0.2761958910882208,-0.6865836682663666,-0.029938583221743073,1,268.2472177957234
0.31769351365239346,1.1834558347824424,0.2056582425661129,501.8799567533902,1.529427758933298,-1.2275428261535781,-0.03312198932193434,-0.5212191845464075,-0.06844631533566374,-0.9367665861959074,0,186.98888006263724
0.26668025486433167,0.048720830024627834,0.26215843923663096,383.961289269475,1.4630766565456277,0.5938307203524935,2.8122109622905396,-0.22746142053422477,-1.720572783188015,-0.6828617538027942,1,164.87906090903022
0.12643159553735445,0.8129734570317333,0.29420229872454673,444.5095763541457,0.8536110977949736,-1.487534596296331,2.4642023113391245,0.40045524598700133,-0.6068956412498364,-1.3427429474634756,1,172.41060524326502
0.29645001749595395,0.5804024035250647,0.219731325260866,389.79659853642147,0.5760914828606519,1.4448880388003227,0.07180491710370335,0.9880000063191061,-0.579916387119585,0.7459828776832041,1,189.8309601573265
0.5054740709043781,-1.6932788440344293,0.21601153127865722,284.5605708079033,-0.4374712600770149,-2.791447549971816,-0.4665462911544578,0.4956281680874882,0.8359114794385487,1.4904992407604813,0,220.10065222809286
0.15806678455209563,-0.39924256086968324,0.2404893042390664,406.60551870899593,-0.39542067655469465,0.16138439937990526,0.4898105219751615,-0.014992315101967977,-1.5962697939855446,-1.4582138435627934,1,174.82993841221588
0.1302942794012623,-0.5092639481006623,0.24836180898050417,341.43741984519835,-1.0863423413667876,-0.37996508561953063,0.4080784393775548,-1.711189385902188,0.14790500007240862,-0.06235046069426142,1,144.59981335198972
1.395110169949748,-0.1590822729374328,0.19964559971369034,300.67631742066425,0.2945600249405826,0.6434642952555829,-0.45419541527334295,-0.6261683416369501,0.6022943757707189,0.4418003951370676,0,205.0865526854546
0.8052838584394244,0.8314817397985648,0.24808131353681123,469.751232934893,0.04495675468459452,0.42353012115045235,0.8019709943638392,0.10777968411764553,-0.6594421931973504,1.3190354041548351,0,172.42405852872812
1.250715252374118,0.11942423644870843,0.20161544153594527,459.3576647619989,0.94473525466533,-0.027888782201409362,0.8750730002377837,-2.018727980508175,-0.796046510454231,-0.29120088949911566,0,181.31400524247454
1.0406188228594144,0.19456504531465552,0.20397749990649244,418.77423804763555,-0.7222975944930256,-0.5491588918207471,0.36680122822572175,0.31717462184260575,-0.4382926557713336,1.116965851041206,0,188.9585725572078
0.6861407191695473,-0.39752466069521614,0.20610707945886855,288.35923878049437,-0.7592145402430661,-1.512999963759983,2.1215582483046576,2.0458692836590093,-0.8389969743781965,-1.6866575166769155,0,221.35188654051498
0.3317123075312144,-1.4248978203487799,0.17736825750133703,325.6416250458894,0.46342006744977365,-0.04269403031256729,-0.5696485537494121,0.7198633328267989,-0.8234837921351148,-0.6023907848894666,1,204.89658975764937
1.1892530913703716,0.5232746434405183,0.22735446705937462,431.28564118548593,0.8718051292438783,0.7273470098823183,1.0466476052036395,0.0791456033761884,0.4817772839755715,-0.9671719805675592,0,181.1927405799755
0.25754384408522824,0.22458049886442397,0.23428236933163968,398.4621469018881,0.12447484293296435,0.8263494420790745,-0.7003043291180088,0.7189299618015499,1.2926402958017251,-0.13797027579590215,1,184.62242262874457
3.1950260018860535,0.02367842486780927,0.20057390265782765,510.5340603442174,-0.6002179405207276,-0.5387703071205834,0.48291288921429787,-0.45296571292586624,-1.3726292780828377,0.9928776744593337,0,157.27507221246725
0.2567129491213454,0.07319981308122735,0.2931794625776476,392.60968534203613,-0.4834507619945008,-0.3903024523287072,-0.47698695642025685,-0.855066436197181,-0.6477423687138029,-0.5510485737211107,1,155.75049003540923
1.9191612484124299,-0.19352759146076343,0.33910199891359616,372.66206221672974,0.4915346231766484,-0.6243981649191523,0.06454236220230851,-0.40225624113561376,-0.8840400686315785,1.5258057549310358,1,262.07159244281655
0.252371991836503,-0.3351752282678811,0.26183591696804276,386.19822788083684,1.321544006137169,0.9671339255498794,0.188220058575127,0.18270234429877458,0.24909283312929328,-0.3910218799690181,1,166.78779549083453
0.13325168240605031,-0.6658835584807593,0.26869301966085024,410.56752240827143,-0.8501836858271851,-0.07596590973214827,-0.9140898558403563,-0.8631653529369101,-0.7625919408740532,1.0568686275618406,1,166.0007099815755
3.3435160696974293,-0.26993098549269356,0.4125671699994782,289.6008852874002,-1.0895153987626907,-0.26684273889863896,-0.8047358933724628,-0.9648336153971273,-1.4617938323853283,0.7304103106171033,0,182.77657774382183
0.8294272637148855,-0.847668508141077,0.2051631883373515,293.77784786862475,0.45172898487481683,1.1219513387084046,-1.198415494205457,0.07015435134538713,1.3869289584159488,-0.9960060312269782,0,215.24112093656302
0.17123422455097503,0.8819245886639694,0.20535038560669258,434.5517297935392,1.8906062019471341,0.5478685952807204,0.7672973157421226,-0.5459505977850401,-0.10484800431269709,2.0970827016885933,1,194.62448957221335
0.6213121696408674,1.0504185593709052,0.2142768804168232,526.2442926271183,2.419364782525631,1.6831906981519498,0.39867424730250534,-1.0574991962695086,-0.6580628584665467,0.4957959762085449,0,178.2678917375542
0.3634878883711344,0.7382735039491696,0.23643620479004945,532.7321629510884,-0.2732990552398474,1.500604454603123,-0.4961950524525189,1.011271953523772,-0.5821984122647595,-1.3785257424544841,0,192.74586824673955
0.2790733655173664,1.0038645550356424,0.21228318987029174,442.67446949471883,-1.3840358085739193,2.39949607824291,-1.1678494523704819,0.7345970360243369,-1.3439944423860586,0.026028263525886608,0,199.15010848687064
0.2847583753406822,-1.0104870627912006,0.26270472047116344,312.9510206978676,1.039588481537074,-1.7174656317617345,-0.40422480135358285,0.2152403238396455,0.010353571714571859,0.3664930322712072,1,137.62278488199152
0.1936843880890727,-1.3839299944118733,0.20330068460216846,378.73454454807586,3.7331077354698423,-1.3979303915672046,-1.63435286955296,0.6051091497326108,-0.6108391117705615,-0.4280919944932142,0,215.5317940619741
1.7969756541695256,-0.00425662914161948,0.2948158894225381,382.40571181492186,-1.2091053256396105,1.4703618138274628,0.10524763697525341,-2.188320611383229,1.1277297143105194,-1.9027103857955157,0,173.35491318779154
0.09717222473214973,-1.0628470700416026,0.1868337232613164,432.0279224329327,-0.09439454782287848,0.17298972673289859,0.542327966659385,-0.41686451691246695,1.8708196353132411,0.16554679031325129,1,181.43880472900017
0.34863948225459135,-0.42626761553642617,0.20030500263584872,347.76056974131944,-0.6505437542157702,-0.3780259581171225,-1.079623382843945,1.311280594714404,-0.9279830189121997,1.3329950276388371,1,197.3770503013877
0.9221839635989372,0.4757933849561722,0.1965188317534588,426.8250784096124,1.0520313496372022,-0.6308949029858302,-0.2212715157146621,0.06742256619516451,-0.9366050705939235,1.1095364766001212,0,192.52121368141127
0.6664474094117381,-0.04592842063463314,0.21334261919741299,396.75307124835007,-1.5405832371885304,-0.06583501669853041,0.12582900670383743,2.2656161863998743,1.2189660872582841,-0.08484735885522866,0,196.4645759371873
1.3469343142732764,-0.12568410381507605,0.23141441137442093,363.2406105954093,0.6025471138037468,-0.7241753684780837,-0.5473564154791637,-0.7956688226494634,-1.1494089316630587,0.3929977066679581,0,193.2567571559877
0.2106783115413439,-0.13654696864035953,0.1689352522320113,371.1349050279499,0.6252150013932932,1.021487509478207,0.8074075808274654,1.4434388499760185,0.5563325231071875,-0.05595245544579655,0,207.1215504991768
0.3610661463443081,0.06330848159624491,0.21747054595515744,432.0314984075823,0.10428803464611745,0.5402457289722147,-1.5623889067497305,1.1072560952387425,-2.214929146284104,-1.4103705095005308,1,209.13883981220116
0.2625492672199729,0.4705276361633123,0.22296995930836638,490.6925604089468,1.4787030022481955,0.7529379782929178,-0.39755442352077375,-0.6055414086210205,1.3078542121578605,-0.5513931736737914,1,218.34315364277342
0.33482981839545134,0.33080162992024154,0.20703902273004826,411.585428873138,-0.8774274275323704,-0.03895583951921219,-1.5037448783415124,-0.3071091661564429,-0.38390378391768554,-0.7929116857867691,0,198.51371001233312
0.45062999745215293,0.2690701949080669,0.22073477707838052,427.22718303603483,-0.5746857131468093,1.6997336642064924,1.203015898199761,2.1337847461670894,2.9522099613929247,0.09711971347440769,1,203.4672381558957
0.27113420013233613,-0.2507495088610903,0.240880655652913,379.5493820901812,-0.9314692583090408,-0.8816664024491667,-1.626200186147692,1.541641774849603,-0.1236137289719097,0.8629340055389185,1,173.81907007713247
0.04257841572119446,0.5656354300192787,0.13781426457079124,431.84689357937754,-0.3190721063926392,-1.418563477584545,0.17886409746965895,-0.2582882613102206,1.0912469239748852,-1.5692470364237856,1,164.27298180377733
0.6854217196039203,0.018488921788503553,0.21820013516491432,388.54660206712737,0.7792242006923891,0.1518618199313546,0.20345066169695025,-1.1891295201105043,0.16363365424757922,0.7097558624056409,0,194.99559861730782
0.5201071279587535,-0.7349813303712508,0.21514648348934737,358.06672502904064,0.39318311598156774,-0.7054190540746759,-0.10672896783827852,0.4920955195068159,0.27594252792314933,-0.39274525100547314,1,189.72207496379508
0.9820579318946214,0.12484471063290578,0.19116585962052499,452.33555188919985,-0.033740884665520644,-2.2727675845429287,-0.2464962425582217,-0.9162093092240718,0.780624852952322,0.10079988255861469,1,234.4990014374538
0.14151466806016935,0.41716140217937986,0.19725332500343914,475.76119470647615,-1.9817779639376023,0.7599213379507264,1.504193262912679,0.6505254463995183,0.36449034267741437,1.7323516058695683,1,205.3243739276435
0.571052782875024,0.06625575472809893,0.2147527125709477,421.3317176016802,-0.7117853434365807,-0.4671818463628104,0.08832146874690287,0.5770192543020416,0.14984551223060522,-0.21380214660593708,0,197.04316261306465
0.17989093207089854,-1.2716839869440246,0.1924506166899508,325.8775928478062,0.730883027556401,0.5438190054644675,0.0983621246356816,-0.9717128669689317,0.25403099366803733,-0.5502927401916655,1,161.57397180970975
0.08612333313538745,-0.758237385980525,0.11105671798821025,395.93379033756406,0.2198531776088345,0.4850195990772358,0.3203226063108245,1.8001187373869012,0.8607239805404541,-0.12577243441352368,0,215.47087773021408
0.8909781272940581,-0.2804359684089364,0.3120560294978126,355.6343531750867,-0.09241374323379734,1.1356939281718754,-0.47107410019387974,0.2568959256127985,0.7014949375921159,0.5484006396926652,1,257.1430397289643
1.097779959305259,-0.2829596283597999,0.2532444752499112,377.5618218286592,-0.4347170063797256,-0.3586237371939622,-0.7872005177789113,1.6102776163128423,-1.5443251338720188,-0.6646245214469431,0,185.6040054230201
0.45052732525294237,0.4278162211816072,0.2153735519911118,395.6497262163972,-1.2770157957611226,-0.2615357723948918,1.2965438968962466,1.4368962748378267,0.009499011749744215,-0.12663349022169512,1,207.75368803274287
0.23007486115657116,0.18752999819095997,0.18632296572729853,418.14720916125344,-0.7691057360252741,0.36867017008723096,-1.6439520252974247,-0.29524731984030866,0.5287977595508015,2.7109964651061866,1,207.59874095819725
0.4847962311648184,-0.46036901409353265,0.21572345953681077,423.5812182020987,0.18393039594471208,1.1330790420209182,-1.633761621077165,2.113231349317817,0.076127370122086,-0.6492443446295834,0,193.702116262159
6.137082915340627,0.026837580784095753,0.26784523658066994,423.5496253274828,0.2223459023215355,1.4319736751152505,-0.8096969900407944,-0.4600608360684863,-0.8520000113177868,1.3368419804504263,0,158.46573760613177
0.46050952317531474,-0.4076549037192268,0.21494081992493697,414.1352830491359,-0.7206221259651422,-0.9442769054400469,0.6508204691308729,-0.989878913459289,0.8340376192968828,-0.03806603079806091,0,196.08796320270292
0.1630857142769627,-0.46256768041102636,0.1991928304514593,410.762461610173,-0.23113836051394163,-1.2260001103406126,1.8981710474356237,0.20520831442732695,1.9935961535042148,-0.4773092897190653,0,212.38203539088207
1.7348749486847965,-0.1913601594193298,0.22070187838705693,427.87274295965733,0.5279476422015025,-1.3103165708650735,-0.7196727414251606,0.1506064229106279,0.9765617921268485,0.39380855264928233,1,254.2675269187117
0.6229885650092237,-0.05816286792661469,0.21028611142816087,407.02203009598963,1.5419132777208273,-0.5487763320465774,-0.7656235490977256,0.1348863150480642,-1.0030055800303843,1.0512908822822657,1,211.24661764391104
1.3490636303345263,-0.09511887944614433,0.20963520247237075,390.0518681295533,-0.4064112305408229,0.1732836269794203,0.11958310142107695,-0.30924181581447724,-0.7808758641848672,-0.019508746323484177,1,231.08531649898117
0.25139955514645124,-0.17115969788433563,0.2011178026458642,457.2168182628221,-0.7140465587127962,-0.2579995922588032,-0.5771535194357001,-1.6511737507007398,0.4950321046466347,-0.4867262677438061,1,215.86199471151602
1.2171703739341668,0.6390287463930373,0.2877177074962414,542.929001328156,-0.5307721615128037,-0.903542794547483,-0.7646163335584002,0.516296989883622,-0.639942949071904,1.3459287921069112,0,153.73559778181394
8.458452410056333,0.04746731461768352,0.05058080358165056,435.9552353682463,1.8512386149682716,0.8683174811584528,0.5128872268247021,-0.8801122335816728,1.3789639051597182,-0.6370740795691274,0,168.99882440198468
1.5995518398775257,0.2927638135404786,0.20733401432031087,420.4759194746857,-0.8127161187624358,-0.4665080527941286,-2.1280455420187327,2.657036590888381,-2.0076579053621333,0.1020862464809616,0,181.43667558080648
0.9784468547363053,-0.3215770264091586,0.21979548083014283,358.99138458408095,-0.13282189697205105,-1.2702161643195566,-1.1495737006408686,0.29739214004113607,-1.013908117747819,0.7654216678809781,0,198.862523904864
0.21432051789718923,0.2941019190926915,0.1344223257351589,408.4120378422479,2.7150563551488305,0.0023745790047210056,-0.33282578690511044,0.06403417285220409,0.8402909664252374,0.1678485563502645,1,224.9060057604311
0.5770565063347266,-0.11789139484988324,0.21847019560734746,378.77196766038315,-0.9807716934196309,-1.0959493971055834,0.5251988321002721,0.9923289863236395,0.03771768783475056,-1.005065483677991,1,212.38514141177126
0.32663091344525125,-1.2104184668073967,0.21596342723769613,319.81694434066924,-1.1461302869794998,0.2113263986318969,-0.009332828780260169,-0.26864296594287673,0.3074572695130439,-0.6127729429548786,1,169.3596819604058
0.9607864716868938,0.041670140384099566,0.21987973063468155,458.6675596909943,-0.34899745377940344,-1.2830759335254025,0.10146432518378713,0.8093799190443757,-0.009205533019173387,0.14215780635851877,0,179.99658972684912
0.16260566142216248,-0.679151447826291,0.20978226463588892,335.30357789856606,1.3547385254689293,-1.262225797103589,-1.9150142810456794,0.04529049363519123,-0.8013656098887244,-0.8866247019297416,1,159.90492418826076
0.2866568125242219,-0.4647840342693205,0.20161581798205352,402.7799575827085,-0.25036599859588093,1.4135771053821575,-0.4440378511289284,0.9726924523032499,0.45851053193795455,1.9190825813067136,0,204.36887405816356
0.6819800429841129,0.10185333247824123,0.21753474733083714,446.57206772386627,-1.28684555634423,0.8690008050967171,0.38778442165657545,-0.7462321388541975,0.19947725126650517,0.6271952176684931,1,237.5762498938118
0.2660934960028437,-0.16732017002986932,0.2150712466339796,380.7711632240222,-1.1226226553838787,-1.3375413823371294,-2.062710538496832,1.6413411664942203,-0.17373651564328346,1.436966107865777,1,187.39308250138274
0.28613613541802374,-0.1589569231454971,0.19987664109956466,342.68595143078716,1.9398586805043236,-0.6080988420060575,1.2173582451835443,-0.656610639584529,1.1525609125376504,0.9954754722052261,0,212.7118742696672
0.3539752739783643,-0.29612436704151723,0.2278343901389371,406.71280992862614,-0.8509052237159402,0.8040715548470032,0.3043895078301741,0.6914690393555818,1.4987291079494574,0.17433858502026112,1,191.63293029482963
0.4433327224127482,0.8597635896289988,0.21944065216129488,443.4432424688211,-0.93496075354057,-0.694846254309766,1.0221448045080537,0.9371665682836703,1.1166840213027602,0.6588955639086749,1,212.26356607620897
0.5367248821982045,0.626086772371859,0.2155093083099528,445.0999009075147,-0.09934137304730929,0.7049041053986325,-0.8083773304518538,0.2611404831208702,-0.3317197402256968,-0.28026050710302053,1,224.0735102809934
0.732282655402853,0.03129415987591976,0.21399133491994965,363.232746216723,-0.49665159279169624,-0.8379389548310107,-0.019843161503474673,1.9505901458176667,1.4959038032540124,-0.4658273673382691,0,202.5275201295809
0.45752229500098596,-0.6067537022575485,0.21497596529021945,316.9089036233539,-0.5893260603547305,2.041748107255471,-0.2057435839238224,0.7332834342815582,-0.6531462375626604,-0.6979241467015619,0,215.80023169279423
0.4811356623472323,-0.28102914287550257,0.21437411841143855,402.8011477834055,-0.2559407451027836,1.582112383294661,-0.8434694439376755,-0.69551878117285,-1.0284270951999095,-0.9527715060152208,0,195.10008361237914
0.5004209933583073,-0.12455495617775533,0.21600589187063676,331.6955838430624,-1.079890505496255,-0.03817820091936351,0.5895826531310455,1.032807481760854,1.2848720853187712,0.4670419537979865,0,210.69543220191807
2.5159341616171385,0.0375026525027166,0.12670974968166995,451.97969761144077,-0.010292905531463408,-1.4616700892396406,0.15003099151679403,-1.6924518000803033,-0.02325244659748427,0.9349150907972917,1,252.0748649099522
0.2973630180108031,0.5201806857272573,0.20610535992848347,421.226300048658,1.2549762946214464,1.8354966950485534,0.6994196056601245,-0.8396399432613074,0.5657862600116728,0.1634080490115329,1,210.10820383487942
0.24773345068083424,0.6562658976195281,0.1941397695114458,502.3956268590365,1.2444962005725309,0.5708618459956826,-0.15382961594558045,-1.5725532282110501,0.9407532550189975,0.14849600055330678,1,234.34960314116265
0.4281432582321112,-0.31826281401081397,0.21122347180503437,450.3363554574799,-1.5322621545784312,-0.5720338494146552,-0.0035388911872207872,-0.4657496298721908,-1.436266488855376,-0.7709082436559079,0,189.59086180673103
0.15212709418305412,-0.046783918025527345,0.25952458798119693,433.07016218797105,-0.5837329440880787,-1.0829128100794703,-0.6888180522676619,-0.4719937834916866,0.7740742476118597,-0.34408649592697255,0,215.43914696776122
0.6362136841816172,0.017768857900536058,0.20169346215777656,464.05982580911234,-0.251549200515686,1.0732541240224716,0.7915612262261682,0.11425093319922214,0.308474123874533,0.14341996232999535,1,218.1445987443531
0.24703562785367245,-0.21516363339704805,0.23545768319311405,381.2332890847812,1.3406821689918245,-0.5636493827739512,1.8762477894498168,-0.045424090964268936,0.415236448051729,0.8625618803527151,1,175.61267373705726
0.2886985752065613,0.5539343626294845,0.2539176259568764,510.02561571422876,-0.3774783259596166,-1.7276004723000529,1.4102909959764585,-1.0229959529099206,0.46749780888705994,-0.5698911973496268,1,209.6210657080452
0.8517863279584242,-0.21713157589258109,0.20620450365548013,339.92070198608116,1.8362315938760752,-0.6010592725514164,0.04951943719054673,-1.493163137122041,-0.8607536844148994,-0.9159268590478645,1,196.83992524151014
0.19612948019934695,0.4322444894657517,0.3119997216570109,420.7262358450191,0.11352363019708615,0.4074967840402102,-1.2036404326596264,-1.0826939013095815,2.901591822408028,2.1819291183680645,1,162.35975333704545
0.4704915099797658,0.3956189438774033,0.21679503347504026,408.2297542004231,-1.296569651295913,0.8288462703601834,-1.0247216408339659,-0.45187504700539044,0.14815901395078437,-1.742308194640794,0,200.9878769345827
0.3955141866469429,1.0924093519580462,0.215129229594238,481.4813803358497,-0.8015581952483084,0.3974712992348243,0.05265741737759511,-0.2354677739679766,-1.1443088640211805,0.4927310202348127,1,230.45168008952177
0.3116055244344926,0.40769496368288755,0.2226200531725429,465.35647812552054,1.1537703847064198,-0.9612541277960318,-0.704551626577373,-0.20637209665468417,0.8812361268747241,0.27929111818463703,0,196.25324179030042
0.7117536147747971,-0.33357483297333007,0.2298324846971752,369.1449851905451,-0.3037404279503421,0.19574524436787877,0.6306034823794463,0.3328288715537701,0.2060827420767186,-2.16146373004128,1,220.12972537402538
0.1894478572841766,-1.5165366956817405,0.25637267199660435,280.3776874590399,-0.9621283168282303,1.1714855952991623,0.35595056920461493,0.9528522285547102,0.5858695438667946,0.10671642435496781,1,124.88755809035321
0.7187829109642202,-0.328180958287159,0.21456498845944247,369.621474456757,-0.5735125750620059,-1.2046635683653055,0.1285465994815272,-0.45825617178742445,1.0813757267122033,-1.7481154889170327,0,199.4572880744586
0.6853180091531501,-0.7897383457176054,0.2234269386728124,333.30176415398313,0.4893392100189996,2.5147201310630396,-1.0684789279035607,-0.9198207281292463,-0.7189993954188146,0.24427358053961368,0,204.87511342223172
0.2584417526361898,0.13184611518507025,0.21347952820471366,429.2099982873409,1.9825727774681574,0.5655173029831649,-0.43559776546121226,0.7126253347137128,0.0912621678777269,-0.745244276091541,1,204.19878658392457
0.22168482655331312,-0.469982036560322,0.20771686233409475,420.8407947225462,0.7309886452017936,1.2898519165721603,-0.4174459266196345,0.603447922200927,1.1293719056760638,1.4241000732955276,1,197.30792509223116
0.88757675054238,-0.5049361954700443,0.18980374055124255,326.8710015333306,0.04646461569937356,-0.8620160019585913,0.8619796302883871,-0.4356240688636896,-0.6089568257945104,-0.22736797777379192,0,212.9889741170588
0.1955797927234341,-0.09041868554937295,0.18144706831832555,357.3934276244146,0.8529202993100428,-0.23293160916558747,0.4260322752769176,-0.1438672410883838,0.7724150274743822,-1.2231056689500124,1,180.56672405325497
0.6672831327312734,0.2562784599491512,0.18330105369872696,476.78106878998216,-0.4854006618108681,0.2989028443940502,0.29118451522912436,0.46421458481537786,-0.5347965149228148,1.820301301917987,1,205.29472941172983
0.6697751202327559,0.6762246539394605,0.20850315572437725,421.2990671300593,-0.9628935656173746,-0.5861297628197264,-0.7760099706101619,-1.2610381457556443,-0.16598269706010008,0.36747933284793677,1,217.24847123082296
1.0571004647398285,-0.150682286011162,0.19329984685345755,345.9941785739155,0.7618731506697106,-0.013961855153071604,-0.0400718781957223,-0.6760651064099951,-0.6122791669123765,1.2471667133064706,0,204.30936789087414
1.7305218418410633,-0.13268250736710052,0.19812373270167682,323.1413513183815,-0.004000231276547313,0.7557192431659387,-0.5390310001383957,1.1865967327875035,-0.5187720212902368,-0.4662523149384016,1,211.65349654493164
0.576656484121007,0.3410097052653038,0.22541146598888134,432.4921020518344,0.08934683433560855,-0.04887225981898684,-0.7970772774011349,-1.2792515492388628,0.19007389065698066,-0.16539147379495162,0,184.30398129757953
0.2956581678900599,-0.2804888728679836,0.20293685768880912,433.3150279001008,0.6038722423601602,-0.8040576353577721,1.9720039828869529,-0.39796335422561857,-0.15570886857787586,1.2230684111972574,0,197.6940844527564
0.8419049017256158,0.8360094713567037,0.1882205120437005,474.1491632127372,0.749817221352504,2.144222519188938,-1.4141216939292764,1.8737027444543994,0.972791593284139,-0.5516605327840771,1,231.38348723289522
5.301229840719688,0.10095987965819404,0.28689193923978734,408.4049192716815,0.31380595733463706,0.36127862862537613,0.9790042638731027,0.00911357010187856,-0.50907427722226,0.422127346987982,0,163.99177195828491
0.10527660715838626,0.1416172791668804,0.2006081670695986,414.7474113420661,1.842220966372889,-0.7653303302865291,-0.5642613204142732,0.7454718310226168,0.5294654397622348,-0.8817932307779159,1,175.86179063275625
0.40318431162474466,-0.655891804046441,0.2140816960397637,351.18766396509386,0.1901319640675076,0.9531653167308509,1.233910085926995,-0.47360758633674066,0.5122280631289505,-0.2521930523890694,0,210.23141213656965
0.4051277532270667,0.8229685790154956,0.2292074474462297,451.70824541871445,-0.3849131901769013,-1.9534930882025723,-1.2350607021954354,1.3776579996062304,0.6809338284816997,0.05960195782886803,0,204.28116404084972
3.7649390046803,-0.08144219109534843,0.2741419612269455,375.17115084854265,0.18409601160776956,0.28944757271660376,-0.9067425690984537,-0.9285302490770966,-0.44972523896356587,-1.6220002044575974,0,172.56532737233684
0.12335448619644193,0.2358354899099004,0.24770730906092922,422.13272602717257,1.3800590087850315,1.218366233629038,0.8731099460016413,1.3872622781656136,0.12462387091654951,0.3073198817257972,1,171.97941438850154
0.37829735659285996,-0.8434394297577429,0.20819920912021797,367.1249158353033,0.7995373843571743,0.1551948658125443,-0.8814565831667498,0.9859588020236304,-0.36524698420947965,-0.5713191707154636,0,206.45674190700225
0.13080720407382895,-1.199471020282151,0.23153578300643227,350.5609256997137,0.32094808962015287,0.5684127526721203,-1.2170809710378734,0.5671535419799649,-0.2113241715479815,-0.23098565601233667,1,153.49221654825197
3.817019932612357,-0.12983422877670425,0.2682400739471784,335.52030153634115,1.5919888922873249,-0.09539927850712807,-0.5408599852031626,-0.25612353601430615,-1.1605783549221194,-0.6017607869030662,0,181.0516361011835
1.1960969575787856,-0.0928711361418299,0.16207941700600012,371.3680147751094,-1.1428948155713374,-2.1511866344209465,-0.33598446512669894,-0.19445245148769794,0.5357940759456363,0.24500160037726448,0,203.84104001621975
0.44931497542913956,-0.5287420805591071,0.2161223540255499,332.2695938641871,0.8515237892774515,0.7020879236920918,0.6817151516857578,-0.35647643123599304,0.43494687199450177,-2.1720963848831785,0,213.39565073506728
0.9102637370009388,-0.5521857252078416,0.19631520189599083,304.64269705165356,1.9883854314218834,1.635296917663834,-0.5002356706410128,-0.34684624284300936,-0.9748372776556558,0.010023454685582574,1,180.69411193624407
0.7649930501499261,0.13696953043067805,0.17909607662496707,408.1529824399128,-0.6533792375113143,0.14775518417013422,0.008957651752380605,0.33000343776562374,1.6644962660595815,0.6539788633122592,0,205.8903004234495
20.238019864499538,-0.019185791352590523,0.46423905795592274,386.3015798014343,0.42613485567640497,0.3464267830078652,-1.4743061089652505,-0.3020265607769587,-0.4329633593795088,0.6608736479762245,0,143.19497051295417
0.44671158609657663,0.023220320937184135,0.21762134987133766,382.1403425919089,0.22449196846991976,-0.5470918259460842,0.4653905468242718,2.210002787549037,-1.4747910307258971,0.8899633695997761,1,195.8475901206803
