w1,w2,w3,w4,w5,w6,w7,w8,w9,w10,Z,Y
1.0,1.1742125162773158,1.0,-1.6050654444861396,0.0,1.0,-0.9936008732001719,0.0,0.0,-1.0959573579281683,0,-4.285393745470096
0.0,1.3306839859856574,1.0,-1.4943513052578112,0.0,1.0,-2.0655878771463163,0.0,0.0,0.5873958622517498,1,-4.452051285579033
0.0,0.27206339873840996,0.0,-0.7638646091037716,1.0,0.0,-0.1777907174205955,0.0,0.0,0.663482947628669,0,-3.6672643542207126
1.0,1.9076572269660588,0.0,-0.2799325704809851,1.0,1.0,-3.336948180729468,0.0,1.0,-0.13732571068978996,1,-5.3953827380810555
0.0,1.6572591292043157,1.0,-0.8576669343246193,0.0,1.0,0.09724480092125465,1.0,0.0,0.7107016361188516,0,-4.216595495342377
0.0,-0.06102585876155066,1.0,-0.3857825249037126,0.0,1.0,-0.3287159806477282,0.0,0.0,1.0115646169844763,0,-4.512598868591371
0.0,-1.2604485261827068,0.0,-0.23189452481955372,1.0,0.0,-0.05709485578585595,1.0,1.0,0.5739036189669252,1,-3.08018431214005
0.0,0.31942862045170894,0.0,0.20952383093875715,1.0,0.0,-0.3379931261058003,1.0,1.0,-0.4391685684634288,0,-4.0677665789838455
0.0,1.3077063193359217,1.0,1.5457741015539805,0.0,1.0,0.6700977853692001,0.0,1.0,0.7940536139536116,0,-4.844493224531801
0.0,0.21514718195505117,1.0,-0.26295744611727856,0.0,0.0,0.06583591571523133,0.0,0.0,-0.2922012066960627,0,-4.85844337319198
1.0,-0.6225072350861766,0.0,-0.8328477395329208,0.0,0.0,2.296436178981175,0.0,0.0,-0.3016865840974839,1,-3.3204456685411454
1.0,1.398916183350255,0.0,1.7753311746309797,1.0,1.0,0.26582863687863,0.0,1.0,0.703853330122636,0,-4.1970227221182235
1.0,-0.04432539442626468,1.0,1.259271080662632,1.0,0.0,0.5268852843262213,0.0,1.0,-0.8787214841557912,0,-4.972593639252643
0.0,0.09458869596489905,0.0,1.3585925937944823,0.0,1.0,0.31594546457853495,0.0,1.0,1.512438862652042,0,-4.02242941253732
1.0,-1.4242876160174651,1.0,-0.4570779728944077,0.0,0.0,-0.09132519425884054,0.0,0.0,0.6763805906508631,1,-4.1796720631672395
0.0,-1.262111808503183,0.0,-0.07217848438883959,1.0,0.0,0.23257059218450452,1.0,0.0,-0.13962441131739803,0,-2.8580959486337054
1.0,-1.7604232664696857,0.0,0.49439264918360337,1.0,0.0,-1.1442142799581259,1.0,1.0,1.0079353910759052,0,-2.5942392026257624
0.0,2.1805134325158986,1.0,-0.46457587475342715,0.0,1.0,1.7917999473298507,0.0,0.0,0.20981730183591474,1,-5.717608697947725
1.0,-1.3697801028757908,0.0,0.7899382465359597,1.0,0.0,1.5696685959785177,1.0,1.0,0.9423538892701729,0,-2.9726187449617054
1.0,0.8351344082417099,0.0,-1.2735315719543654,1.0,1.0,-1.476989952672789,0.0,0.0,-0.6948656089023761,1,-4.1046822732682635
1.0,0.7775253834088981,0.0,2.9153080487624576,0.0,1.0,0.6682956162832489,1.0,1.0,0.29783097128255287,0,-3.708242318182313
1.0,0.815321960204588,1.0,0.29482902816752105,1.0,1.0,-0.10607905016167193,1.0,1.0,0.3924500813068427,1,-4.607779381922748
1.0,-0.4024525985257954,0.0,-1.2194560111990351,1.0,0.0,0.02019305696381232,1.0,0.0,0.2839643808412294,1,-2.8014016302264335
0.0,-1.2405994857292355,1.0,0.026186565730032495,0.0,0.0,2.03943826195218,1.0,1.0,0.39470924672114516,1,-3.695949452000812
1.0,-0.09743182046913727,1.0,0.27994039999314135,1.0,1.0,-0.5325792850462764,1.0,1.0,-0.7883177859987023,1,-4.0692638630252285
1.0,0.44335647806035916,0.0,-0.4533572157655447,0.0,0.0,0.3039543586548505,1.0,0.0,0.45181746067662615,1,-3.2315969856841966
0.0,0.5972619235804976,0.0,-1.554104272697785,1.0,1.0,0.287114299778157,0.0,0.0,-0.14108660499225856,0,-3.8231430139488563
0.0,1.6354145749349807,0.0,-0.17523227326041643,1.0,1.0,1.1093047096807211,1.0,0.0,-0.16201983217627108,0,-3.8799813609799885
1.0,-0.17380962436430494,1.0,-1.9384410203054905,1.0,0.0,-1.3771178153177417,0.0,0.0,-0.2298400101353459,0,-3.8418913366027603
0.0,-0.8785188860725899,0.0,1.0316827818554835,0.0,0.0,-1.9541661105259949,0.0,1.0,-1.6090185753727435,1,-5.083113951795715
1.0,-0.7897838423811392,1.0,0.20280010413218522,1.0,0.0,-1.0311601610860937,0.0,0.0,-0.47828929861667113,1,-4.674839466113484
0.0,-1.0172177188935392,1.0,1.8058568981727725,0.0,0.0,2.024477101877529,1.0,1.0,-0.31720320680698716,1,-4.287011614598709
1.0,1.0953909046187895,1.0,-1.360839968881893,0.0,1.0,-2.8582457682525892,0.0,0.0,-0.23492357362172395,1,-4.472637424481042
0.0,0.46981078042326313,1.0,-1.343588317181487,0.0,0.0,0.2642514288978392,0.0,0.0,-1.406057652979814,0,-4.570870094503498
0.0,0.4180081937527934,0.0,-2.5180670579217947,1.0,1.0,-1.0354109919462007,0.0,0.0,0.9086920605147857,0,-2.9933252439838474
0.0,0.4489654729700933,1.0,-0.44740614639048726,0.0,1.0,-2.261418666828524,0.0,0.0,-0.7164210056856326,1,-5.340034361119375
0.0,0.5717605224172337,1.0,-0.6323901396201009,1.0,1.0,1.8004372390448007,1.0,0.0,-0.4826766862260397,1,-4.3176520823037015
1.0,0.8085098413859763,1.0,-3.1874938808179705,0.0,1.0,-0.09527081593383772,1.0,0.0,-0.09659166213327461,0,-3.535563826676072
1.0,0.2165654587240489,0.0,-1.7034092131885774,0.0,1.0,1.3225737773110302,0.0,0.0,-1.1045790128308421,0,-3.455701120658064
1.0,-0.17755072551097745,1.0,1.1363574634653006,0.0,0.0,-1.1279371708855224,1.0,1.0,-0.3477609739221377,1,-4.131231990561073
1.0,-0.6098265499293934,1.0,-0.0027807049823578567,1.0,1.0,0.9745317077362465,1.0,0.0,-0.5454595444164554,1,-3.304436294307305
1.0,0.38698452883146256,0.0,-0.5994327270229033,1.0,0.0,0.20393930606123145,0.0,0.0,1.5081121502489458,0,-3.419782767574062
1.0,1.2017496475603766,0.0,-0.6987058878691768,0.0,1.0,-0.2138418802769445,0.0,0.0,1.1732446793360287,0,-3.3579041371534135
0.0,0.805304358841843,0.0,0.7267696028687971,0.0,1.0,-0.6319271133363377,0.0,1.0,0.501544787377308,0,-4.731850070393651
0.0,-0.08840030407688199,0.0,-0.0422104671118464,1.0,1.0,-1.8685983888430686,0.0,0.0,0.8729919681124291,1,-3.6277484870106247
0.0,-0.6330006725494157,1.0,0.6838578672034138,1.0,0.0,1.0239029213125463,1.0,1.0,-0.5929935497180011,1,-4.568680927394856
0.0,0.4236276730400528,0.0,-0.09517005800511805,0.0,1.0,0.3496887106153484,0.0,1.0,1.153677245224082,0,-4.273261570374083
0.0,-1.7824925481667122,1.0,-0.6038149817856548,0.0,0.0,3.190337003421503,1.0,0.0,-0.02142945171387854,1,-3.1094843554550113
0.0,0.8679783316789275,0.0,-0.3564046915292124,1.0,1.0,0.34673177679651035,0.0,0.0,0.4570463489754877,0,-3.9062209486804194
0.0,-0.254139555008168,0.0,2.3385915069888217,0.0,1.0,-1.8935026603572218,0.0,1.0,0.9241737999512106,0,-3.9868202142787954
0.0,-0.46497139379134794,1.0,-0.8751378412958141,1.0,0.0,2.199676853928009,1.0,0.0,-0.7768429111663603,1,-4.50433409807581
1.0,2.0365002048717225,1.0,-1.0423773576454616,1.0,1.0,0.48158883474466313,0.0,0.0,-1.2585860160804887,1,-5.4182669651400355
0.0,-1.3705963859796175,1.0,-1.2990140609856808,0.0,0.0,0.8097743146650536,1.0,0.0,0.9005250604761291,1,-3.596852477631955
0.0,0.3002299857114213,0.0,-0.36729506214768554,1.0,1.0,0.8206921974847075,0.0,0.0,0.08181256565317747,1,-4.0051248913567425
0.0,-0.2542188730843742,1.0,0.38314356638832164,0.0,0.0,0.657725118332599,1.0,1.0,0.6731703415538776,1,-4.679439703714257
1.0,-0.6870161232379728,0.0,0.38275692905511194,1.0,0.0,-0.31829531700855507,0.0,1.0,0.7088958518804566,1,-3.3098303343152984
1.0,2.5630248871173666,1.0,0.31556288790442216,0.0,1.0,0.09723102799473181,0.0,0.0,-0.1491807410863938,0,-5.407965928062321
1.0,0.9902780214021943,0.0,-1.9847836855123158,0.0,1.0,-0.4415295927398053,0.0,0.0,0.7940120902730594,1,-3.8646324990483993
1.0,1.0647365702887392,0.0,0.7585843014868269,0.0,1.0,0.13534030079326742,0.0,1.0,-0.7496083775568332,0,-4.272156790035721
0.0,0.22517563411187783,1.0,-1.7120213844523278,1.0,1.0,-0.30862265961343144,1.0,0.0,1.373984358342817,0,-3.274962367338893
0.0,0.09146464930355115,0.0,0.8028593224980536,1.0,0.0,-1.1498417157838243,0.0,1.0,-1.2617130155423903,1,-4.851957914677207
0.0,-0.13950162543992567,1.0,-0.4416949071495162,1.0,1.0,-1.7700670838158257,1.0,1.0,1.685634969096605,1,-4.0055587884537855
1.0,0.36489957131410006,0.0,-2.0129055759866934,1.0,1.0,0.07500721558351292,1.0,0.0,0.3655601933510559,0,-2.4281673337271505
0.0,2.1668717981290246,0.0,1.09823006063644,1.0,1.0,0.6357490008587239,0.0,1.0,1.3148621958441886,0,-4.313321820789517
1.0,-2.2741434143078023,0.0,0.5134498411504758,1.0,0.0,-0.6506624228133647,1.0,1.0,-0.5187011482822916,1,-2.2673203587416024
0.0,0.44776504510128395,0.0,-0.47750385086045644,1.0,1.0,0.5386240108953917,1.0,0.0,-0.08692180433126173,1,-3.4668697244641784
0.0,-0.3313156214979548,0.0,0.21229973101863858,0.0,0.0,-0.36266033793461666,1.0,0.0,0.7388724467837455,1,-3.2663505204778756
1.0,-1.0048028424108275,0.0,1.117089255029288,0.0,0.0,1.2962127713138565,1.0,1.0,0.22234432043907834,1,-3.602058072881168
1.0,2.0068575485851703,1.0,-1.006754284040807,0.0,1.0,0.21281529902212135,0.0,0.0,1.0845510918961543,1,-5.176447402579607
0.0,0.3080289389018399,0.0,-0.260343284793776,0.0,1.0,0.43555595116567547,0.0,0.0,-2.2934126496550986,1,-4.821406752816314
1.0,1.79052539776845,0.0,0.9725887604114328,1.0,1.0,-1.1557346428586124,1.0,1.0,0.3436162027617962,0,-4.689032414125604
0.0,-0.26190492543119953,0.0,0.03784570301671087,1.0,0.0,0.20676518458608908,1.0,1.0,-0.03261324411580221,1,-3.6858635976519105
0.0,-1.75397305828387,1.0,-0.18915852674605987,0.0,0.0,-0.23920106173209085,1.0,1.0,2.52331070189343,1,-2.943052530705173
1.0,-1.684938381911651,0.0,0.05853813395185811,0.0,0.0,0.5359344368865512,0.0,0.0,-0.2744971358260979,0,-3.2853321831447357
1.0,-0.9136710219967688,0.0,0.710844479785756,0.0,0.0,1.9455736249919628,0.0,0.0,-0.6556878408328556,1,-4.069068995614067
0.0,-1.254685734311481,0.0,1.0025221101226414,0.0,0.0,-1.1308275011677535,0.0,1.0,-0.47413356881752916,0,-4.124856131819723
0.0,-1.695197732559975,1.0,0.292504299826442,0.0,0.0,0.015251148741059409,1.0,0.0,0.9510803180921358,1,-3.4375091680425016
0.0,1.3454031902485994,1.0,-0.5683431871360131,0.0,1.0,0.4375762060721298,1.0,0.0,0.6098566039686542,1,-4.616335744181519
0.0,-1.4855502947174757,1.0,0.38018485990686524,0.0,0.0,0.09133771602436025,1.0,0.0,-0.9707476468732893,1,-4.473773100099143
1.0,2.1289185107603186,1.0,-0.5761744100146554,0.0,1.0,-0.26795688059029926,0.0,1.0,-0.6847704030519056,1,-5.5115883829137085
1.0,-0.8397974140103148,1.0,0.012463659258856103,0.0,0.0,-0.8747949771331058,1.0,1.0,1.209624086602614,0,-3.5913991540358183
0.0,0.7405515625767457,0.0,-1.0058403249461048,1.0,1.0,-0.5848847632117099,0.0,0.0,-1.3240751248630669,0,-4.736756557559543
0.0,-0.43613797650130337,0.0,-0.5547136201674902,1.0,0.0,-0.6103797612859926,0.0,0.0,0.22935305014595206,0,-3.2174031039989117
0.0,0.2607952719468258,0.0,-0.1508073425139805,1.0,1.0,1.4758109626868607,1.0,0.0,0.278716296501284,1,-3.471974376714975
1.0,-0.2071576276209006,0.0,0.9473141167656389,0.0,1.0,0.5092862600122147,1.0,1.0,-1.9102905617815487,0,-3.6163262930772757
1.0,0.2325944435280112,0.0,1.6011155260174241,1.0,0.0,0.46098091909844385,0.0,1.0,-0.5495901477163069,0,-4.61641857919552
0.0,1.7246881216658283,1.0,-0.4244930803157352,1.0,1.0,-0.0013189590157286746,0.0,0.0,-0.9317748511059153,0,-6.079273091281161
0.0,0.8023987075978193,1.0,1.264961513833916,1.0,1.0,-0.6602623278665837,1.0,1.0,1.9299370396161508,0,-4.40435172642818
1.0,1.2731283824258752,1.0,-1.1634753952573236,0.0,1.0,-0.36027893928341087,0.0,0.0,0.0023594099562100007,0,-4.460265883253646
1.0,0.19107949668486282,1.0,0.372229152432795,1.0,0.0,1.3949905092819843,0.0,1.0,1.382267835783315,1,-5.078260045899251
0.0,0.5719531045276403,1.0,-1.3180228877129694,0.0,1.0,0.847207152114027,1.0,0.0,-1.000762082645753,0,-3.5487444020450765
0.0,-1.3628875778112965,0.0,0.5685970585934472,0.0,0.0,0.5663652060772039,1.0,1.0,-0.4508959220714852,0,-2.8170508988644625
0.0,1.199020652058171,0.0,-0.37283073196105776,1.0,1.0,-0.9780304641791822,0.0,0.0,-1.4021416944762675,1,-5.454441013712878
1.0,0.20846823859109523,1.0,-0.0675876733800862,0.0,0.0,0.15268570022878233,1.0,0.0,1.7243192718076663,1,-3.876129449744314
1.0,0.7467093565333359,0.0,0.048399760105772176,0.0,1.0,-0.2840226994259204,1.0,1.0,2.8469704776616824,1,-3.331665827976403
0.0,1.2249629804340163,1.0,0.3825893723252666,1.0,1.0,-0.6132176146096243,0.0,0.0,-1.097508073597416,0,-6.083190497909305
0.0,-0.19140288028121044,0.0,0.11142290349020205,0.0,0.0,0.8441076908177758,1.0,1.0,-1.4835124007506688,1,-3.874305323251148
1.0,-1.1091304542270444,0.0,-1.6057662113273503,0.0,0.0,0.9683717329547376,1.0,0.0,-1.4046150531773975,0,-2.4641425692419245
0.0,-0.44310508339957444,0.0,1.4144496847515564,0.0,0.0,1.2468462162892262,0.0,1.0,0.5905187062274547,0,-4.214414100208656
0.0,-0.5933522834006614,1.0,-0.6248447029776508,1.0,0.0,0.8225210226933842,0.0,0.0,1.7896756741033064,1,-3.940350512989301
1.0,0.3838977857501193,0.0,0.07916315517513274,0.0,1.0,-3.258055745059722,0.0,1.0,0.19188558761130364,1,-4.247835125102331
1.0,0.6064665021973327,1.0,-0.5134278091166832,0.0,1.0,-0.9309228946462775,1.0,0.0,-1.1597616626447724,1,-5.001479005557307
1.0,-0.8206538161022492,0.0,-0.3997008590365224,1.0,0.0,-0.9280238169360674,1.0,1.0,-0.3372147941418031,1,-2.616219544999481
1.0,-0.2821673066060306,1.0,-1.960730245977867,1.0,1.0,-0.043988644447906726,1.0,0.0,-0.8888720831850826,1,-3.766417035608431
0.0,1.1064253701354578,1.0,1.1889769948669666,0.0,1.0,-0.29625554839508295,1.0,1.0,0.8923248189403911,0,-4.092303471267012
1.0,0.2831971113665875,1.0,-1.2719148886843543,1.0,0.0,1.1677761881518411,0.0,0.0,-0.8374433362169388,0,-4.677788590771399
0.0,-0.003002845732927466,0.0,0.348552080091451,0.0,1.0,-0.3402544876799797,0.0,1.0,-0.02238200796006516,0,-3.7640510118060377
0.0,0.10944056922377879,1.0,0.7471287101833882,1.0,1.0,-2.780526986652947,1.0,1.0,0.7135731711601938,1,-4.143080657002575
0.0,-2.1074701463060745,0.0,0.26816994971292824,0.0,0.0,0.08445302556048272,1.0,0.0,-0.48523963043852975,0,-2.2490962607429865
1.0,1.1268426915740621,1.0,-1.4539322769845957,0.0,1.0,0.24477048334405443,1.0,0.0,1.3441315111243657,0,-3.589033119304508
1.0,-0.17436393285824603,1.0,1.1180021138795437,1.0,1.0,-0.5836602281368741,0.0,1.0,0.04321604876417489,1,-5.210176909179978
1.0,-0.15752772093876274,0.0,0.08620837039722336,0.0,0.0,0.12751384427304535,0.0,1.0,-0.37377732290933413,0,-3.804108733418541
0.0,-1.237411856640686,1.0,-0.4329489058757397,0.0,0.0,0.8717339454772279,1.0,0.0,-0.322780683198588,1,-3.6613587594915957
0.0,-1.0027066595333933,1.0,-2.0169635635180785,1.0,0.0,0.6439184535500457,0.0,0.0,0.35992307091422826,1,-4.237251424277013
0.0,-0.5553787730076671,0.0,-1.3524972943194111,0.0,0.0,0.9063563314518764,1.0,0.0,1.2641944162018723,1,-3.525437079925324
0.0,-0.12706173850312463,0.0,0.5767740324431619,1.0,1.0,-0.26688503219627213,1.0,1.0,1.6336852183861055,1,-3.31735583450111
0.0,-1.344105877794305,0.0,1.7620615980016234,1.0,0.0,-1.7562989594512086,1.0,1.0,0.050830944793414164,0,-3.4149332006033966
0.0,-0.9260431461881388,0.0,0.36823343785135665,1.0,0.0,-0.41272432384757624,0.0,0.0,-1.3732082787899542,0,-3.7673327150837648
1.0,0.9070004598032116,1.0,-1.1804314046131705,0.0,1.0,-1.0675967329291276,1.0,0.0,0.11672413701576771,1,-4.18104868459932
1.0,0.6613632913713993,0.0,-0.31236895199383996,1.0,1.0,-1.1824587167221638,0.0,0.0,0.8194464663207177,0,-3.8994074047800007
0.0,-0.18080096161929488,0.0,-0.5803376407075835,1.0,0.0,0.06132608902475181,0.0,0.0,-1.0996282714274492,1,-4.385428612370153
0.0,0.8426363440434751,0.0,-0.443082974016057,0.0,1.0,1.0825132352024098,0.0,0.0,-0.755970161236166,1,-4.636894204659665
0.0,0.5132750586996647,1.0,-2.016245797903409,0.0,1.0,-0.8833775821520681,1.0,0.0,1.1364909510478802,1,-3.7794907593907934
1.0,-0.26234989417771837,0.0,0.24277855788030395,1.0,0.0,-0.0070808129463184695,0.0,1.0,-1.4560529068507573,0,-4.41506063967534
1.0,-1.4077759368616871,0.0,-0.7006245706930744,0.0,0.0,-0.332730982702526,0.0,0.0,-0.8283404175093647,0,-3.161246631467171
1.0,-0.30424346710284256,0.0,0.37342386035431613,1.0,0.0,0.04310530475086858,0.0,1.0,-0.7752934907932936,1,-3.9933086824097725
0.0,-0.03763850513356102,0.0,-1.4012442654470463,0.0,1.0,1.192426434341098,0.0,0.0,0.14203445073541499,1,-3.6009796309920823
1.0,-1.135466508443857,0.0,-0.2945260705136816,0.0,0.0,-0.1684326440391837,1.0,0.0,-1.4859807748394318,0,-2.2405857420715893
1.0,-0.2496990034710089,1.0,1.8807015634520432,1.0,0.0,1.8723062544902875,0.0,1.0,2.0980450466572367,1,-4.338212805018282
0.0,1.1531293846967345,1.0,-0.3716943562418492,0.0,1.0,-0.7655117073884804,1.0,0.0,-1.1261091175802536,1,-4.706365112329005
0.0,0.3343709814070119,0.0,1.2049853329363256,0.0,0.0,-1.3237896147673296,1.0,1.0,-0.5626719048891848,0,-4.118790933261431
0.0,0.06060047097563046,1.0,0.6641354377411867,0.0,1.0,-0.08169059131979584,0.0,1.0,1.5612440998916959,0,-4.102616994970951
1.0,0.15292557097853693,0.0,1.1285753944381576,1.0,1.0,0.8407183852533877,0.0,1.0,1.733717500172315,0,-3.572041626429721
1.0,0.41407119944561516,1.0,0.7583546307897838,0.0,0.0,-0.05386615084107116,0.0,1.0,-1.474461814238266,0,-4.898726345928857
1.0,-0.9227820012470301,0.0,0.5392478859648946,1.0,0.0,1.097597049136037,0.0,1.0,0.09483557625031697,0,-2.8549757548453556
1.0,0.633999850565055,1.0,0.028536389950680786,0.0,0.0,0.8040719958679596,0.0,1.0,-0.45244148883456303,1,-4.6183576177229755
1.0,0.19028928806111933,0.0,0.6810543070820421,1.0,1.0,0.15476431064325305,1.0,1.0,0.30971404117203105,0,-3.3981805470247832
1.0,-1.4048742181150489,1.0,-0.03229811180767128,1.0,0.0,2.24280002895065,0.0,0.0,1.4601952618892855,1,-3.3288825383624148
1.0,2.1776359167903205,1.0,-1.7061286323392613,1.0,1.0,0.4177984335063914,1.0,0.0,3.031340214509024,0,-2.915557982390136
0.0,-0.20928320838288786,1.0,-1.1644833149317158,0.0,0.0,-0.36964666612660946,0.0,0.0,0.3715049963067075,1,-4.236689597283257
0.0,-0.6790619095753436,1.0,1.3317813981857058,1.0,0.0,-0.6512816266856728,0.0,1.0,-0.4060281346171646,1,-5.3468974222206676
0.0,1.939942188627277,1.0,-1.259894082695026,0.0,1.0,-1.8736779902223717,1.0,0.0,-0.2565856463450708,0,-4.68979982358593
0.0,-0.3804306245285846,0.0,2.2409111476823154,1.0,1.0,-1.1389592165520934,0.0,1.0,0.6358192373931951,0,-4.047587577196352
1.0,0.5000596133246015,0.0,-0.10375027196565728,1.0,1.0,-1.2006993055865416,0.0,0.0,0.9351216906878815,0,-2.841358203187629
1.0,-1.570428816529462,0.0,-2.2935559914485775,0.0,0.0,0.728083312293204,1.0,0.0,-0.3058791475990827,1,-2.6427569363210375
0.0,-2.650974070448112,1.0,0.7454771472830164,1.0,0.0,0.4082287961670142,0.0,1.0,1.8872143125175351,1,-3.883283017476016
0.0,0.6077087403771333,1.0,-0.4985624061357908,0.0,1.0,0.3078169628167999,1.0,1.0,0.5766469114787623,0,-4.006807944667367
1.0,-0.43898231823174694,1.0,1.313460021914013,1.0,0.0,-1.1034370924100445,0.0,1.0,-0.12222024561565165,0,-4.766697212741975
0.0,-0.8310672103184039,1.0,-1.1928163934469254,1.0,0.0,0.49434561079745776,0.0,0.0,0.9611753913710387,0,-3.6622952499744144
1.0,-0.026304444643194935,1.0,-0.3749905740731075,0.0,1.0,1.6884999448258073,0.0,0.0,-0.35140317788119674,1,-4.856208690071225
0.0,-2.0318013101489774,1.0,-1.0013363989547055,0.0,0.0,1.345576744187377,1.0,0.0,1.5273636113516722,1,-2.741110411900389
0.0,-0.3749113099692322,1.0,-0.7313956457475608,1.0,0.0,0.4192657170858781,1.0,0.0,1.4064133517862862,1,-3.8550563089092424
1.0,0.8347459233433187,1.0,-1.5064498337856935,0.0,1.0,-1.0652577487728891,0.0,0.0,-0.4096646281424031,1,-5.07076827482442
0.0,0.8438215834143361,0.0,0.28072746877550914,0.0,0.0,-0.2032585749919625,0.0,0.0,-0.06821349041450336,1,-4.892162512195415
0.0,0.6823157736297104,1.0,-0.3132617919676324,0.0,1.0,-0.8464466392432449,0.0,0.0,-1.0543221824528113,1,-5.04593054486387
1.0,-0.12363754706869345,0.0,-0.9541320101903699,1.0,0.0,-0.6165286845593317,1.0,0.0,-0.5360528101579604,1,-3.298803147846062
0.0,-1.0969762034942971,0.0,1.008671220873535,0.0,0.0,-0.8822476653725583,1.0,1.0,-1.6264784225603135,0,-3.858597781338732
0.0,1.6910706274006835,0.0,-0.7944004596395647,1.0,1.0,1.2758817677876577,0.0,0.0,-0.27972345633214696,1,-4.8666668023179085
1.0,-0.2985001382954438,0.0,-1.555783267759906,0.0,0.0,1.2561828574586587,0.0,0.0,0.7694054168834086,1,-4.2427844853177215
1.0,-2.0077641632925287,0.0,-1.9103495858093162,0.0,0.0,0.18952137267111735,0.0,0.0,-0.6746098498741698,0,-2.4524556462506033
1.0,0.4537440655638956,0.0,0.341792793544991,0.0,1.0,0.1310043214930134,0.0,0.0,1.111439960189895,1,-3.922667416830902
0.0,0.34566515466583697,1.0,-1.1708837010721918,1.0,1.0,0.7887080121463113,0.0,0.0,-1.2631483814986246,1,-5.118119806820583
1.0,-1.8474602644661755,1.0,0.5791722452513741,0.0,0.0,-1.1354230370543335,1.0,1.0,0.005186648138695894,1,-3.5411988698224195
1.0,-0.8421720152391873,1.0,0.4039059455496067,1.0,0.0,1.666795739231332,1.0,1.0,-0.40437009001683843,1,-3.9460582358434073
0.0,0.7720869105725888,1.0,0.15427313328117834,0.0,1.0,0.28763046737789605,0.0,1.0,1.3415069809106892,0,-4.274654190305229
0.0,-0.1223484286679345,1.0,-1.2469475107734864,1.0,0.0,1.0751947038598937,1.0,0.0,0.8317536915722638,0,-3.7104002130132567
0.0,-0.34009918774346465,0.0,0.33689603167541216,0.0,0.0,-0.32517752576587283,1.0,0.0,1.3891368921558787,1,-3.5535938955317787
1.0,-0.5673208722328776,1.0,0.35569427589525754,1.0,0.0,-0.321581706279706,1.0,1.0,-0.11348488064824112,1,-4.0292401122862085
0.0,-0.7236202910168664,0.0,0.1728554024939516,0.0,0.0,0.9708670169894613,1.0,1.0,-0.2779553528676143,1,-3.792590338154937
1.0,-1.0470890773482804,1.0,-2.122858686430412,1.0,0.0,-1.5647576284647535,0.0,0.0,0.34759846039511993,1,-3.9783489465286
0.0,-1.1607453388111475,1.0,0.019422065516737218,0.0,0.0,0.006348411806279305,1.0,0.0,-0.781803558511242,1,-4.279373205903298
0.0,-1.5894930564363279,0.0,0.04883270174852744,1.0,0.0,0.05951016487320959,0.0,0.0,0.22265392424420885,1,-3.509473929558852
1.0,-0.6952251007939779,1.0,-1.40413216562988,1.0,0.0,-0.485409355461472,1.0,0.0,0.12389387574569635,1,-4.131208331509478
0.0,-1.2497649144805585,1.0,-1.2056388986770412,0.0,0.0,-0.5599793340694355,1.0,0.0,0.13733169336566042,0,-2.8815248938667652
0.0,2.038327888939232,0.0,-0.7134307938733531,1.0,1.0,-0.9689970741950916,1.0,0.0,0.457096582116219,0,-4.054905123240248
1.0,-1.195890522808394,0.0,0.061265576233094275,1.0,0.0,-0.5951725320678372,0.0,1.0,0.1063339281804549,0,-3.4676006220948348
1.0,1.0040419052803695,0.0,2.2350758005680507,1.0,0.0,-0.9467984504354775,1.0,1.0,-0.2688723014056884,0,-4.359748690532076
0.0,-0.7458111629229254,0.0,-0.39888143873347387,0.0,0.0,0.011475857405011385,0.0,0.0,-1.4928885187168481,1,-4.088311260753038
0.0,-0.23248264159557577,1.0,-1.051751824845468,1.0,0.0,1.027067369938012,1.0,0.0,-0.07275685815794983,1,-4.544302822328471
0.0,0.10827995098790406,1.0,-0.154050505865992,1.0,0.0,-0.5226370561202153,0.0,1.0,-0.38730037741793816,0,-4.835694249570569
1.0,-0.7364332286055425,1.0,0.30755164471462737,1.0,0.0,-1.8869846586366341,1.0,1.0,0.0955671723636585,1,-4.3453537642774025
1.0,2.044297191809976,1.0,-1.133118963790667,1.0,1.0,0.7964822625270873,1.0,0.0,0.6079985546913584,0,-3.9401120662551627
1.0,-1.1912400758866692,1.0,-0.4246319867953503,1.0,0.0,0.2725380141336895,1.0,1.0,0.12806998151967142,1,-3.944772367446898
0.0,0.10900177263178236,0.0,-0.7505273083434703,1.0,1.0,-0.5956406568010237,1.0,0.0,-0.7333474956252218,1,-3.4523984849601033
0.0,-0.7478294458005107,0.0,0.39545310412336965,1.0,0.0,0.44668445473019935,1.0,0.0,-0.28777747086794775,0,-2.898018734282252
1.0,1.6141427178446432,0.0,0.20633681370760504,1.0,1.0,-0.9440680999969937,0.0,0.0,-1.008071905862153,0,-4.643837400727214
0.0,1.0055812514200095,0.0,-1.240886528826741,1.0,1.0,-0.07815905138363936,1.0,0.0,-1.6597033296218098,0,-4.062667843269991
1.0,0.4818697428164036,1.0,-0.09932438550275423,0.0,1.0,-0.31911323169345135,0.0,0.0,0.2126223084425196,1,-4.429230730847829
1.0,0.9051566941731729,1.0,-0.7618396573007751,1.0,1.0,0.9291313090051946,1.0,1.0,-0.2838924579721745,1,-3.915457772097812
0.0,0.9178714375299836,0.0,1.0261817235825694,1.0,1.0,1.2732346630335054,0.0,1.0,-0.10415349549100436,0,-4.657946760752915
1.0,-0.04643513159118009,1.0,0.661892033439905,0.0,1.0,-0.950003176097493,1.0,1.0,0.34506306707056766,1,-4.233938537144042
1.0,0.6389719441232155,0.0,0.23709725788424293,1.0,1.0,0.9136532219972937,1.0,1.0,2.3796960060347794,0,-2.1587931037179544
1.0,-0.5884743763057793,1.0,0.058732418601092025,0.0,0.0,-0.8278890137613074,1.0,0.0,0.10159145188655466,1,-3.726769868901375
0.0,0.07424773685761339,0.0,0.19740497388246903,1.0,1.0,0.01872672828580428,0.0,1.0,-0.4110556843349602,0,-3.867736979240404
0.0,0.2660042559423167,1.0,-0.6287636801644543,1.0,1.0,1.2777553581489651,1.0,0.0,-0.7675755654715493,1,-4.429843154489277
1.0,-1.2465934226072346,1.0,-1.0118070088916455,0.0,0.0,-0.36307130404046906,1.0,0.0,0.8090132548059884,1,-3.187910743727288
1.0,-1.0380527789924352,0.0,-1.9572346602163508,1.0,0.0,-1.2843583107950105,1.0,0.0,2.483736824616405,0,-1.1091753838952734
0.0,1.0149756371420795,1.0,-1.439504633213519,0.0,1.0,-0.71886831943177,1.0,0.0,0.8534493381275301,0,-3.637865886786691
1.0,1.3896326151155451,1.0,0.10273784982069077,0.0,1.0,0.5154335071979493,1.0,0.0,0.31210736352556173,1,-3.895152445595716
1.0,-0.10991163384224475,0.0,-0.6306972676965056,1.0,0.0,0.07774429750328112,1.0,1.0,0.7459108920627244,1,-3.1273231354685964
0.0,-0.36713615701638547,0.0,0.33911925034264273,1.0,1.0,0.12773964791333084,0.0,1.0,0.3239598120981787,0,-3.6714077585052207
0.0,1.1514566280750493,0.0,0.3420247818279676,1.0,1.0,1.7127435544581369,0.0,1.0,-0.23692068727111223,1,-5.180370404126887
1.0,-0.528462119428642,1.0,0.7382392591877247,1.0,0.0,0.13466545459619284,0.0,1.0,0.9565806934757934,0,-4.034595628331036
0.0,0.03609555721664726,1.0,-1.6396018919768511,0.0,1.0,0.8144694864945093,0.0,0.0,-0.8020592744044489,0,-4.134067018325535
1.0,1.0396636476394638,0.0,-0.40187289903165274,0.0,1.0,-0.9895328235594687,0.0,1.0,0.15876891907066418,1,-4.921260729193476
0.0,1.4561730528243406,0.0,-0.05946328845753059,1.0,1.0,2.1425371228111185,1.0,0.0,0.04736760612423968,1,-4.065606579776928
0.0,-1.6482915922225485,0.0,-0.2010722894145153,0.0,0.0,-0.8354974468026384,1.0,0.0,-1.2303464714280188,1,-3.0667021987795717
0.0,-0.35747945648107005,1.0,2.016094761444844,0.0,0.0,-0.3467435935667145,0.0,1.0,0.18727392520752348,0,-5.001966686824427
0.0,-0.8140518093870279,0.0,0.10050298260739765,0.0,0.0,0.5121593638671917,0.0,0.0,-0.7491700436814893,1,-4.11062803630397
1.0,0.28058026680617615,1.0,-0.14237955196165486,0.0,1.0,1.4575835267975104,1.0,0.0,-0.3313047353246236,1,-4.776927007057425
1.0,1.2053266262512896,0.0,0.8783933271387561,0.0,1.0,0.7169451983672982,1.0,1.0,0.07795920355288623,1,-3.9288895451395183
0.0,-0.4284916690738782,1.0,0.7197365967958175,1.0,0.0,-1.1590759216344526,0.0,1.0,-0.5015043274789469,0,-5.310325405854398
1.0,-1.3142911558259538,1.0,2.3805686033329394,0.0,0.0,-0.10866471549089485,1.0,1.0,1.4975104909551247,1,-4.428785958033566
0.0,1.8047061906577215,1.0,-1.2148708341919139,1.0,1.0,0.009441679637329784,1.0,0.0,-0.9316789682761613,0,-4.641257921449277
0.0,-0.7316453359570932,1.0,-1.1125632666709773,0.0,0.0,0.4108475941585067,0.0,0.0,0.3142808898405939,0,-3.9020191793675107
0.0,0.6423011954981287,0.0,-0.12691494867093367,1.0,1.0,-0.8387394509644601,0.0,1.0,-0.9076939484332152,0,-4.54191688322079
1.0,1.7577957265133233,0.0,-0.774136103266352,0.0,1.0,-0.12693588785172616,1.0,0.0,-0.5324433079878683,0,-3.9998651332139095
1.0,1.3580976567297478,1.0,-0.13862760174423253,1.0,1.0,1.0963567981056879,0.0,0.0,-0.8954828605729673,1,-5.172731992013967
0.0,-0.14694839615091282,1.0,-1.1484927514925003,0.0,0.0,0.7642665034035915,0.0,0.0,1.990132122003566,1,-3.5178963952080236
0.0,-0.018908146491063267,1.0,0.9671312964647136,1.0,0.0,0.24212337698750072,1.0,0.0,0.2577656588373141,0,-4.261492666438032
1.0,-0.01945538038565136,1.0,-0.15694846855926461,1.0,1.0,0.1474541329617329,0.0,1.0,-0.45901605573820947,1,-4.679060751761111
1.0,-1.1797400166092367,0.0,1.5042962130773823,1.0,0.0,-0.4197424144779991,1.0,1.0,-0.28315386365433604,1,-3.3367444000534214
0.0,-1.2416445308174744,1.0,0.9143884833188461,0.0,0.0,0.9148955958276273,1.0,1.0,-0.8352159717522163,1,-4.290283277083031
0.0,1.7864574447427157,1.0,-0.0007512149442620769,0.0,1.0,1.0910822629270016,0.0,1.0,1.0153071578385013,1,-5.431485131627478
1.0,-0.45449792278079865,0.0,0.2633694690245812,0.0,1.0,0.2562439757014788,1.0,1.0,1.8730770684665392,0,-2.08013578225172
0.0,2.3568862171200777,0.0,0.012935890416181742,1.0,1.0,-0.4759376748569846,0.0,0.0,0.9209248129297035,0,-4.441911024456163
0.0,-2.2490487016965575,1.0,0.6199895508938357,1.0,0.0,0.6360898781794841,0.0,1.0,0.3087142508279833,1,-4.246810487769306
1.0,-0.15777294484094215,1.0,-0.16183634315640727,1.0,1.0,-0.014518649071088038,0.0,0.0,-0.5351458796488155,1,-5.4234531441487155
1.0,-0.5195284840354263,1.0,-2.5997300118925706,1.0,0.0,0.835068580628678,0.0,0.0,-1.0104837974096978,1,-4.611995918297597
1.0,0.28137743016527744,1.0,0.9783428285456196,1.0,1.0,-0.005980711487130305,0.0,1.0,0.1785289540996852,0,-4.184525465461551
0.0,0.31818779664161057,1.0,-0.17499724789654839,0.0,0.0,-0.8844841984039634,0.0,0.0,-0.8405427835766999,1,-6.27948068686614
0.0,0.7085829834900359,1.0,-0.5264281130653574,1.0,1.0,-0.2762993220800168,0.0,0.0,0.6566450273912351,0,-3.7533301066883764
0.0,-1.1372846712827247,1.0,0.9815977461267386,0.0,0.0,0.9011149642430142,1.0,1.0,0.3584152430849935,1,-4.579166568416093
0.0,-1.8785670139767403,1.0,-1.0874544564607802,1.0,0.0,0.29767040619436796,0.0,0.0,0.43572343896663696,1,-3.7963636667230345
0.0,-0.4660344092769215,0.0,-0.1519990835329777,0.0,0.0,0.2737325998496237,1.0,0.0,0.48474711147522603,1,-3.309499850452059
0.0,-0.1677108562507328,1.0,-0.9239814054046672,0.0,0.0,-0.9238414958891862,0.0,0.0,1.4726147268208425,0,-4.183452656422339
0.0,0.5293850229477413,0.0,-0.1652398623074066,0.0,1.0,2.7751898036752443,0.0,1.0,-0.18779331634205676,1,-4.3535286857537026
1.0,-1.100507303841161,0.0,-0.49615953291015785,1.0,0.0,0.2775883562833406,1.0,0.0,-0.4393406354889998,1,-3.0364324726030936
0.0,0.9405064642030165,0.0,0.8568918647602003,0.0,1.0,-0.1290237838544241,0.0,1.0,-0.5207918618871443,1,-5.112158554312395
0.0,-0.4956621486991414,0.0,-0.6951592777131544,0.0,0.0,0.1054036274972233,0.0,0.0,0.16905898090248253,0,-3.6523854839499723
1.0,-1.4963753701265514,1.0,-0.8420631418885097,0.0,0.0,0.7796368162678591,1.0,0.0,-0.9756197025649123,1,-3.1516188142260164
1.0,0.40208829535349633,1.0,0.9269371105746343,1.0,1.0,1.6149933978355078,0.0,1.0,0.6896575471648967,1,-5.062668386966166
0.0,0.8308852085320265,1.0,-0.645120466103207,0.0,1.0,-0.47385635915545976,1.0,0.0,-1.001446509954041,1,-4.919300752559513
1.0,0.7528872621838647,0.0,0.41784914943170376,1.0,1.0,-0.1728441003085299,0.0,1.0,0.47956578475646916,0,-4.011918216603719
0.0,-0.18279475400681344,0.0,1.5329081395506812,1.0,0.0,-0.6318199936980863,1.0,1.0,-1.6487586249325636,0,-4.013941140061007
1.0,0.5988618945976348,0.0,0.2295481531256091,0.0,1.0,-0.23405224453833365,1.0,0.0,0.5164754536824535,1,-3.7226009520054504
1.0,0.8976763633213731,1.0,0.47743589861254904,1.0,1.0,1.0865981697971796,0.0,1.0,-1.49038321766989,1,-5.5300404245751
1.0,0.5074923592422625,1.0,-0.34046435148475274,0.0,1.0,-0.5833835445099326,0.0,0.0,-1.7004250691778189,0,-5.208587210790662
1.0,0.4842245567713318,0.0,0.19217417262898562,0.0,1.0,0.894358123321144,0.0,0.0,0.31915350160758715,0,-4.025114758077017
1.0,0.9099644706494106,1.0,1.4041475870180438,1.0,1.0,-0.6066026947284195,1.0,1.0,1.0309046607390562,1,-4.678200488793607
0.0,0.36097317509668103,1.0,1.000137744753056,0.0,1.0,0.33924089855491496,1.0,1.0,0.8883804976749278,0,-4.0281553634569
1.0,0.4519351635581019,0.0,-1.334183841859927,1.0,1.0,-0.3567046050633791,0.0,0.0,-0.5052479368862484,0,-3.921597359063251
0.0,-0.594853982337941,1.0,1.5196640349244155,1.0,0.0,-0.18596875942519045,0.0,1.0,0.7430687507083932,0,-4.375674684121721
1.0,1.0383565064860536,0.0,-1.2824828592908717,0.0,1.0,-0.35644938063001,0.0,0.0,-1.3509842605169826,1,-4.514606275565723
0.0,1.4878312582587234,1.0,0.7274675418810886,0.0,1.0,-0.6825483454925001,0.0,1.0,-0.7642593407179773,0,-5.4922231005472675
1.0,0.5078432091176871,0.0,-1.3961007580109495,1.0,1.0,-0.3537148614881388,1.0,0.0,-1.9171864582537517,1,-3.4445673276521513
0.0,-0.7005288364358805,1.0,-0.0242323718570161,1.0,0.0,0.6858593846393487,1.0,1.0,0.39028751019574803,1,-4.541936587344454
0.0,1.1306100237398786,0.0,-0.6087722840946268,0.0,1.0,0.14027152929574013,0.0,0.0,-0.3625458244137663,1,-3.931280274260927
0.0,1.5568620206129324,1.0,1.1370885752208326,0.0,1.0,-0.6974914028417012,0.0,1.0,0.7122840829654906,0,-5.282697801151193
0.0,-0.020863723736929123,1.0,1.7266095848984708,0.0,1.0,2.0395501730132746,1.0,1.0,-1.3242762283170846,1,-4.768583781615612
1.0,0.19022600515044935,1.0,1.691293795016911,1.0,0.0,0.04143786807886184,0.0,1.0,-0.20662049230343169,1,-4.798160056047623
0.0,1.578490182352182,0.0,2.5641199785790385,1.0,1.0,0.3619610833413264,0.0,1.0,-0.880360870002184,0,-5.594814856676384
0.0,-0.9260209273925002,0.0,1.8289133402755806,0.0,0.0,-0.8469904810375176,1.0,1.0,0.9264335015832644,1,-3.1878021208379055
1.0,0.8060982979005779,1.0,0.05833973921859767,0.0,0.0,2.197499405367083,1.0,1.0,0.15724910488423763,1,-4.480857909437743
1.0,-0.4082556690693715,1.0,1.4461092359543122,0.0,0.0,0.15225027250124828,1.0,1.0,0.1955164197507116,1,-3.934201691996297
0.0,-1.5662473770464134,0.0,1.9020391528666922,1.0,0.0,1.8668492949786666,0.0,1.0,1.4858420242908563,1,-3.6369342605140735
0.0,0.32117634994221006,1.0,0.32598693097738873,1.0,1.0,0.23438788654060533,0.0,1.0,-0.5175025583676272,1,-4.944827920713724
0.0,-1.6147982494457147,1.0,1.5746819675524417,0.0,0.0,0.49286909033462684,0.0,1.0,-1.4271863295465224,0,-4.606916225298751
0.0,0.911051549522746,1.0,0.10490040635086476,1.0,1.0,0.9699612734044557,1.0,1.0,-0.09602336868839988,0,-4.107186881781376
0.0,-0.43180586069265103,0.0,0.38566765538673947,1.0,0.0,0.6255693870601299,1.0,0.0,-1.958591649044305,0,-4.133619342759842
1.0,-1.4073716568825223,0.0,0.09020171693057004,1.0,0.0,-0.5559519139589382,0.0,1.0,2.025510127048219,0,-2.684260627799468
1.0,0.1660979804536061,0.0,0.9227166763648258,1.0,0.0,0.4330353244229472,0.0,1.0,-0.464371773283487,1,-4.415066202887537
1.0,-0.7710855630523532,1.0,0.11730595368047671,0.0,0.0,-1.5133813958997235,0.0,1.0,-0.8840353856656661,1,-4.732754690512143
0.0,-0.7728358848174459,0.0,-0.75309825206215,0.0,0.0,-0.10198936333612968,0.0,0.0,-0.26046638133025085,1,-3.5390708809931133
1.0,0.37937752614550574,0.0,-0.19106474650595917,0.0,1.0,-1.2020338260562127,1.0,0.0,0.7132604290992596,1,-3.570770043494194
1.0,-2.860094153371171,0.0,0.6604986989211588,0.0,0.0,1.143594954097487,0.0,1.0,0.6243133089917152,1,-2.664929599700417
0.0,-1.698016196941374,0.0,0.18259552038757462,1.0,0.0,-0.6129380662918137,0.0,1.0,-1.2318340920840665,1,-4.0472934428783685
1.0,0.9615179904946364,1.0,-1.1096420435218664,1.0,1.0,0.8605021380109436,1.0,1.0,0.738943781029226,1,-3.8584826490983892
0.0,1.6229881779674227,0.0,-0.6070976564701274,1.0,1.0,0.8059266234079429,0.0,0.0,-0.35644248342139223,0,-4.949012988250937
0.0,-0.6639879910296541,0.0,0.7534659120482022,0.0,0.0,1.6474693137147256,0.0,1.0,-1.1426726237199774,1,-4.496442733927256
0.0,-1.5828875738438746,1.0,1.4301619169631319,0.0,0.0,0.34258130045599894,0.0,1.0,-0.3660107988994972,0,-4.938959089005444
1.0,-0.32037291672698315,0.0,-1.7066518036055758,1.0,1.0,1.3131383726371484,1.0,0.0,-0.4772014257601642,1,-2.6214508957520266
1.0,1.172778316693581,0.0,1.410567566444047,1.0,1.0,0.019012781542521687,0.0,1.0,-0.4745746406836852,0,-4.42912824317006
0.0,-0.6626664740611993,1.0,0.7054282703907712,0.0,0.0,-0.26762488593445766,1.0,1.0,0.1765154171007361,1,-4.056651887221045
0.0,1.5022135703665045,0.0,-2.265414693687713,1.0,1.0,1.136544479093649,0.0,0.0,1.2212300090723551,0,-3.6552889863661666
1.0,0.3661787883609463,0.0,1.2596817050707423,1.0,0.0,-0.5622779599188629,0.0,1.0,1.147149545275514,0,-3.750235848080412
0.0,0.5348237969093418,1.0,-1.3850512852442942,0.0,1.0,-0.493235261891933,1.0,0.0,-0.6881973470706634,1,-3.9778042019520004
1.0,-0.6971165598369061,1.0,-0.12106659641884761,1.0,0.0,-0.759429877030416,1.0,0.0,0.35040172468205427,1,-3.7592521297568386
0.0,-0.6554835967705389,0.0,-0.19808488151018375,0.0,1.0,-0.5780590993320104,1.0,0.0,-1.013234471206657,1,-3.9282714124236406
0.0,-0.49000282426720043,0.0,-0.12448605325067941,1.0,0.0,-0.19380384578197302,1.0,0.0,-0.5869375493482542,0,-2.7954237991583
0.0,0.6375884545975432,0.0,0.04569513772402926,1.0,1.0,0.25970097576631873,0.0,0.0,-0.06513099821549416,0,-4.308974720494376
0.0,-0.8102921345117627,1.0,1.0842861616662343,0.0,0.0,-0.04143316232648823,0.0,1.0,1.7424538069892441,1,-4.502932717266054
1.0,0.6769942034367104,0.0,1.6183404537178803,1.0,1.0,-0.23404492372570906,1.0,1.0,-1.098725746779459,0,-4.25358850815496
1.0,0.05573482102117175,0.0,1.3955623804331094,0.0,1.0,0.15952223376853394,0.0,1.0,-0.979924580134201,0,-4.294248727493002
1.0,-0.6718389569617791,1.0,1.0955384310937493,1.0,0.0,0.7415017877167187,1.0,1.0,-1.3551064961632209,1,-5.177144848634735
1.0,0.19192304796358725,0.0,0.546991132703609,1.0,1.0,2.37121061242319,1.0,1.0,0.7133838225830039,1,-4.05963232936962
1.0,0.2200054337984548,1.0,2.225404801997318,1.0,0.0,-0.7524290946036012,1.0,1.0,-0.5526573362115558,0,-4.412750136692577
1.0,-1.3544729652266267,1.0,0.47024012925287084,0.0,0.0,0.03746208726003428,1.0,1.0,0.9255863165905865,1,-3.592474591899239
1.0,0.7061188496393948,0.0,0.37110504368923586,0.0,1.0,-0.2289765466873274,0.0,1.0,0.6786185432709436,0,-3.6306600340762523
1.0,0.07938074894149362,1.0,0.4425112231582403,0.0,0.0,0.9175617439641294,0.0,0.0,2.4990174772777305,1,-4.763763745090179
0.0,0.8261709635233753,0.0,-0.0297816253827659,0.0,1.0,1.0041934792518468,0.0,1.0,0.7673161084748212,0,-4.267900837807463
0.0,0.6401372075072408,0.0,1.1525752440223884,1.0,1.0,-0.8793598724505174,0.0,1.0,2.015105662580374,0,-3.8074236452125922
1.0,-1.0671493215216443,0.0,-1.2357628143343629,0.0,0.0,2.0435351056900632,1.0,0.0,-0.3859291548678078,1,-2.9998205404366267
1.0,-0.6467388343176503,0.0,-0.5864358666359525,1.0,0.0,-0.21961476691548404,0.0,0.0,-1.3210345066465892,1,-3.815984110419683
0.0,0.2231486997716697,1.0,-0.5291169629079663,0.0,1.0,-1.1899839857156873,0.0,0.0,0.8756794625320465,0,-3.947238414612437
1.0,-0.33749161140893325,1.0,-1.0121643333354151,0.0,0.0,1.0963072274856838,1.0,0.0,0.17722379466733526,1,-3.857023639914899
0.0,2.720094720160404,1.0,-0.48907630889659803,0.0,1.0,1.371606583121739,0.0,0.0,0.33037332724054547,1,-5.462246017420816
0.0,-1.2400324436981807,0.0,-0.7320878159887686,0.0,0.0,-0.31215021167411927,0.0,0.0,0.17917817796140453,0,-2.9357086089662423
0.0,0.4579599864166306,0.0,-0.1374441917401395,0.0,1.0,-0.567152523914846,1.0,0.0,-0.16272324624849774,0,-3.3776528582191374
0.0,0.06971837179064386,1.0,1.8905003187084728,1.0,0.0,1.0037075971483482,1.0,1.0,0.7365954807319327,1,-4.713782808990166
1.0,-1.509233763957423,0.0,0.5109729372353529,1.0,0.0,0.8835237486419444,0.0,1.0,-0.42620769160419075,0,-3.4742160264911037
1.0,-0.592541049016321,1.0,-0.4777248852887986,0.0,0.0,1.1780174443788545,1.0,1.0,-0.8780750600885329,1,-4.142797503587439
1.0,0.6918253104390814,1.0,-1.569462827726785,1.0,1.0,-0.5851317817886239,1.0,0.0,0.8181917565527319,1,-3.520223793520744
0.0,0.6381671217395241,0.0,0.461975847312823,1.0,1.0,-0.8391133578164829,0.0,1.0,-0.7512816215881836,0,-4.494040503871586
1.0,-0.41322806703823634,1.0,0.5831765408032727,0.0,0.0,-1.0741353084716951,0.0,1.0,0.24855733944917807,1,-5.141990466263496
0.0,-0.21325226864338015,1.0,-0.28959433630869075,1.0,0.0,-0.8255194343288372,1.0,0.0,0.5298886359429033,1,-3.7908056013373397
1.0,-0.9915450927177886,0.0,-0.18983792606966624,1.0,0.0,0.93704834828267,1.0,0.0,0.9812184081601367,0,-2.3516610096337454
1.0,0.00770369856839277,1.0,0.005370912190017851,1.0,0.0,-0.9260807165619478,0.0,1.0,0.7702101663148514,1,-4.25551547979518
1.0,-1.2211201659101218,0.0,0.07605247895283102,1.0,0.0,1.3439851315425857,0.0,0.0,-0.11221091106609496,1,-3.8089224471725447
1.0,0.636619289848748,0.0,0.7032221062129852,1.0,1.0,2.564140387723908,1.0,1.0,-1.0210083797434968,1,-3.8523540107144707
0.0,1.6957003165121192,1.0,0.8795048361979303,0.0,1.0,0.13944585079523047,1.0,1.0,1.0987801603213034,0,-4.512430701843488
1.0,-0.3487063132194805,0.0,-0.22427087208321353,1.0,0.0,0.9271426867276632,0.0,0.0,1.1582316966934607,1,-4.279209465686913
0.0,-1.7319296669474658,1.0,-0.4905729887716896,0.0,0.0,-0.9090575403368122,1.0,0.0,-0.8112700855797076,1,-4.137003198718771
1.0,0.5697725330557839,0.0,-0.5997064610212084,1.0,1.0,-0.8591288699450988,1.0,0.0,-1.4590448985326179,1,-3.540336082352646
1.0,-0.38744801106664933,0.0,0.2823175766835184,1.0,0.0,-0.07981964756460876,0.0,0.0,-0.3830017362698648,0,-3.6491593863083356
0.0,-0.29747531484110695,0.0,0.19601700435443148,1.0,0.0,0.9466365380944509,1.0,1.0,-0.07873852404379413,0,-3.3909396789727233
1.0,1.3359227473408546,1.0,-1.0459116995739897,0.0,1.0,0.6894861036702848,1.0,0.0,0.7054814174511747,1,-4.316812622012137
0.0,2.408660473797071,1.0,0.4776793125637821,0.0,1.0,1.1338497712185072,1.0,1.0,-0.19630101445221113,0,-4.542320602836024
1.0,-1.322090526266333,1.0,0.0010614316869279757,1.0,0.0,-0.27836027482631015,1.0,1.0,1.1872363818037375,1,-3.2656605348743173
1.0,0.7027766661599063,1.0,0.8735387563577428,0.0,1.0,0.4372068225768589,1.0,1.0,0.744150399036622,1,-4.023431974444744
1.0,1.1694620897601176,1.0,-0.7823345246919664,1.0,1.0,-1.3300463383683365,1.0,0.0,-1.4157686887583651,0,-4.329981255744732
1.0,0.9136613023663676,1.0,0.3206751803704561,1.0,1.0,0.9493641551237983,0.0,0.0,0.22984824322424688,1,-4.824050514603863
0.0,-0.2583439646504256,1.0,-0.18147367549489418,1.0,1.0,1.1528473258770673,0.0,0.0,2.0628943889816815,1,-4.240257825986566
1.0,0.7499521273619789,1.0,0.35246624211666217,1.0,1.0,-0.3806266198061683,0.0,1.0,1.841840646775524,1,-5.422821682301556
1.0,-0.6734508001958762,0.0,0.3428056129850087,0.0,0.0,0.003684401236977325,1.0,0.0,0.6160147731447501,1,-2.9769718331910657
1.0,1.0216699500533544,1.0,2.5090469219195453,1.0,1.0,2.143594161590875,1.0,1.0,1.0949369597299856,0,-4.598548995970674
0.0,1.9926233014116697,0.0,-0.8734076204721091,0.0,1.0,0.11853824754316389,0.0,0.0,-1.6101747535782778,0,-5.36007175277723
0.0,1.4848016104178479,1.0,2.4808622874684425,0.0,1.0,0.1828886287965123,1.0,1.0,1.2498219493960674,0,-4.363259041446844
0.0,-0.21719965720963982,1.0,0.9978047171030077,1.0,0.0,0.11809093363955024,1.0,1.0,-0.1937666771018399,0,-4.650741816479261
0.0,0.33051218141590283,0.0,2.04213365682527,0.0,1.0,-0.32572272275946773,0.0,1.0,-0.01058446212896548,0,-4.026097710796052
1.0,0.732017917125052,1.0,-0.3583234244447016,1.0,1.0,0.18863934240865934,1.0,0.0,1.3176236876649514,1,-3.5786916029188336
1.0,-0.8653845931922743,1.0,0.9637727614762337,1.0,0.0,2.2254787730834753,1.0,1.0,-1.4073862749652524,1,-4.378215439667508
0.0,2.0363303246710522,0.0,1.0966447210531067,0.0,1.0,-0.4525989226446716,0.0,1.0,-1.1836447273509,0,-5.465536224553398
1.0,2.538697362442001,0.0,-0.05200783465610064,0.0,1.0,1.6970040185775372,1.0,1.0,-0.5194744977691276,1,-4.9000431028818054
1.0,1.0996683322625251,1.0,0.31933010052764216,1.0,1.0,-0.7336549733647774,0.0,1.0,-1.3371370850728517,0,-5.6525702670749665
0.0,0.5858284770271406,0.0,0.05624865674363753,1.0,1.0,1.2167079293229923,0.0,0.0,-0.32200188776470484,0,-3.8164057546271675
0.0,0.45769743641543087,0.0,-0.3496565001819105,1.0,1.0,1.0572220522413072,1.0,1.0,-0.16797452342548455,0,-3.48757939010776
1.0,-0.07274805132785186,1.0,0.7540692114280592,1.0,0.0,0.5317967169344644,1.0,1.0,0.597070347329587,1,-3.941319983547072
1.0,2.049763167114897,1.0,-0.8773800434714227,1.0,1.0,0.6832357684283737,1.0,0.0,-0.9911022793320268,0,-4.570695868225927
1.0,-0.5741275761164172,0.0,0.2877468740165016,0.0,0.0,-0.7685478634644305,1.0,0.0,1.5906033274533642,1,-2.8141894902205196
0.0,-1.2730825120873501,1.0,0.47666654215885873,0.0,0.0,-1.3919981594508861,1.0,1.0,-0.5264284259164919,0,-3.4204087127756666
1.0,-0.4960475433483343,0.0,-0.26109905934520394,1.0,0.0,0.21285348883275915,1.0,1.0,-0.8714533032138236,1,-3.7149895651682145
0.0,0.6280048840491023,1.0,1.9992786238243319,1.0,1.0,-0.7721041277726541,0.0,1.0,-0.8965382281924775,0,-6.291515988717587
0.0,1.636824962934704,1.0,1.6966826002378637,0.0,1.0,0.45803180098832064,0.0,1.0,-0.8505395020734033,0,-5.837533389226727
0.0,-0.08509047528110346,0.0,0.5918565624144264,0.0,0.0,0.023032180580993905,0.0,1.0,0.5903282859302397,0,-4.02418451565259
1.0,0.7130345318084942,0.0,0.3443008519550116,1.0,1.0,-0.20825234484731564,0.0,1.0,1.479051705822092,0,-3.4178583505325264
0.0,1.9737465307081166,1.0,0.4137468601844279,1.0,1.0,-0.882466383415482,1.0,1.0,0.39020798540718227,1,-5.52903992217456
0.0,-1.0782146148558098,0.0,-1.1849347015341365,1.0,0.0,-0.04734351417428328,1.0,0.0,-1.1697669424188237,1,-3.4345693979506025
0.0,0.8824256994527233,1.0,1.8211275845373596,1.0,1.0,-0.8225279323693547,1.0,1.0,1.394991304457929,0,-4.254408348757987
0.0,0.4068299473388838,1.0,-2.086397782156845,0.0,1.0,1.3141559657094568,1.0,0.0,1.087692843791497,1,-3.8133325706120877
1.0,-1.3045113377105042,0.0,-1.6011787342804131,1.0,0.0,-0.37876676968861245,0.0,0.0,-1.809617012015063,0,-3.1727083532409783
1.0,-0.011187296433577675,1.0,-1.1949156731528787,1.0,1.0,-0.9475543197581091,1.0,0.0,0.0682435194504203,1,-3.985000310604758
1.0,-0.4842124004600663,0.0,1.7205116231265103,1.0,0.0,-0.3322701072933226,1.0,1.0,0.2032762597578417,1,-3.158221730163228
0.0,-0.5677033040047204,1.0,-0.11945400394948504,0.0,0.0,-0.38299222882774986,1.0,1.0,-0.044892012886916355,1,-4.534251865958843
0.0,-0.26793335084180475,0.0,-0.9175395697262457,0.0,0.0,-0.8174513031937173,0.0,0.0,0.444991954049618,1,-4.5422546362896625
0.0,-0.8440246907668874,0.0,-0.3024462066302858,0.0,0.0,-1.2036883526332494,0.0,0.0,0.18414631010153185,0,-3.2096488047698912
1.0,-1.751918631802314,1.0,-0.3772167898397454,0.0,0.0,1.0667193592647117,0.0,0.0,0.9578654593944059,1,-3.2095841548162523
0.0,-0.5792901007391684,0.0,-0.13158600949343294,0.0,0.0,0.577051498304272,1.0,1.0,1.1026652480191967,1,-3.0223757497305366
0.0,0.34555871018753687,0.0,-0.6302629665079901,1.0,1.0,0.49023164192048063,1.0,0.0,0.3148458011716854,0,-2.934179870886167
0.0,1.7663984792756173,0.0,0.7938764929885377,1.0,1.0,0.5116978229736271,1.0,1.0,-0.5840476327949728,0,-4.525909744238561
0.0,0.2659839951145217,0.0,-0.3063224194078739,0.0,0.0,-1.1413079048919157,0.0,0.0,-0.9312232997871946,1,-4.465868737086883
1.0,0.413401671066266,0.0,0.029587229067695144,1.0,1.0,-0.24692548848569695,0.0,0.0,-0.06781138365527056,0,-3.954240650347395
1.0,-2.3527714930661854,1.0,2.1291626792818614,1.0,0.0,1.7787370230549937,0.0,1.0,-0.8576201612947116,1,-4.448395577120609
1.0,1.0143223717098153,1.0,1.3325804154852436,0.0,1.0,-0.7108327684703996,1.0,1.0,-0.08259244171537969,0,-4.785988989500434
1.0,-0.3364916478828787,1.0,-1.5600886399103633,0.0,0.0,-0.6124034445871609,0.0,0.0,0.8788589428353931,1,-5.121865370577511
0.0,-0.14909579353138364,0.0,-0.3502051408389506,1.0,0.0,-0.12487534348507573,1.0,0.0,1.0010528967946157,0,-2.989248125059735
0.0,-1.3103020948625848,0.0,-0.08675536107237682,0.0,0.0,-0.9694224912634696,1.0,1.0,-0.055588973668724055,0,-3.2656063998584193
1.0,0.38830017109836396,0.0,0.6006485626962057,0.0,0.0,0.7612177114780667,0.0,1.0,1.284135357942026,1,-3.788658451695317
1.0,-0.2650920429369623,1.0,0.2061196556756376,1.0,0.0,-1.4319265390168565,0.0,1.0,-0.04713476650375497,1,-5.183403591779326
0.0,0.5015740802110069,1.0,-2.4479384081099864,0.0,1.0,-0.5473842450081249,1.0,0.0,0.32047380367855277,0,-3.4461577779741726
1.0,-0.3584570145643029,0.0,-0.03575642882277855,1.0,0.0,0.976682953558636,0.0,1.0,-0.25540298019116936,0,-3.3752146891293298
1.0,-1.6825612972428972,0.0,-1.2478960770749121,1.0,0.0,0.35106428232891995,1.0,0.0,-1.0807085217126107,0,-2.1276866652725723
1.0,-0.4454499414351159,1.0,-1.5141942086038276,1.0,0.0,-2.2210273645209337,1.0,0.0,1.2248420754726552,1,-3.1369271415589215
0.0,0.1319000222701815,0.0,-0.10044832356167173,0.0,1.0,-0.44930350952737996,1.0,0.0,-1.0763502052474951,1,-3.437291008378647
0.0,3.1825733428007776,1.0,0.09851982186288219,0.0,1.0,0.11435801190876123,0.0,1.0,0.5209931640720561,0,-5.257639916892376
1.0,-0.3867144556024933,1.0,1.7825171813550043,1.0,0.0,-0.03624145542072082,1.0,1.0,0.42712071460510137,1,-4.735085162333476
1.0,1.002569647753407,1.0,0.8354508937051444,0.0,1.0,0.21523225011738414,1.0,1.0,1.1834211109746917,0,-4.330204046422134
1.0,0.5278556018329441,0.0,1.3159464451954248,0.0,1.0,0.1207511146755116,1.0,1.0,-0.6400159222242432,1,-4.6825045855001175
0.0,0.13843429106073815,0.0,-0.8971764533516638,1.0,0.0,-0.199581586269293,0.0,0.0,0.3221232276900831,0,-3.6074249755298182
1.0,-0.5971330924003669,1.0,-0.10576667162078637,0.0,1.0,-0.026309869859988833,0.0,1.0,0.743374014951737,1,-5.135118453001231
1.0,0.7872058859458667,1.0,1.5343087697103523,0.0,1.0,0.3849728137962005,0.0,1.0,0.5519507694812388,0,-5.209135037478979
0.0,-1.9430013903280468,1.0,1.155346163759286,0.0,0.0,-0.688628041535425,0.0,1.0,-2.0484395884374753,1,-5.1023896227424785
0.0,-0.15936480100819056,0.0,-0.43848501279130714,0.0,0.0,-0.04967941951843547,1.0,0.0,2.2513096012514686,1,-3.4283272981965034
1.0,0.7763347800950654,0.0,0.8549334736833657,1.0,1.0,0.9497831222137448,1.0,1.0,0.6515195923737819,1,-3.7201203897505244
0.0,-0.16030780827717825,0.0,0.14843770946063597,0.0,1.0,0.19980172673649216,0.0,1.0,-1.7395917001509011,1,-4.8704207582077474
1.0,-0.312315948035459,1.0,-0.5721439099535405,1.0,0.0,1.8372394131339929,0.0,0.0,2.071374710990904,1,-4.101308673972803
1.0,1.1611069560384735,0.0,0.8328460087385214,1.0,1.0,0.022530680838740616,1.0,1.0,-0.895873054332103,0,-4.419589783885619
0.0,2.4953880813296037,0.0,-0.9475148442117203,1.0,1.0,-1.0651147578348072,1.0,0.0,1.4892397552036611,0,-3.6267039162855053
1.0,0.21032448594877712,1.0,-0.5797924019380251,0.0,1.0,-0.3293273983449792,1.0,0.0,-0.317414217757844,1,-4.565358033269941
1.0,-0.28498779196552637,0.0,1.2856851878581186,1.0,0.0,-0.37036892995619297,1.0,1.0,0.44045641105607564,0,-2.9433174222552827
0.0,-1.5162335191552359,0.0,1.2207343292876764,1.0,0.0,1.6127325655594054,0.0,1.0,0.7724172703342648,0,-3.9357446942028167
1.0,0.045409162801933224,1.0,0.558069635503494,1.0,1.0,-0.5019132902004074,1.0,1.0,1.0758025361172328,1,-4.032606801259088
1.0,-1.4161147931463107,1.0,2.108298836094027,1.0,0.0,0.6936063546938117,1.0,1.0,-2.1085305680979816,1,-4.387110201391118
1.0,-0.534637321394302,1.0,-0.6498186225280529,1.0,0.0,-0.13319255832688093,1.0,0.0,-1.3248987196309232,1,-4.230185384087969
0.0,0.5925087237220139,0.0,-0.11619893019520369,1.0,1.0,-0.15875150939487817,1.0,0.0,-2.0330423555204837,0,-3.538376327865207
0.0,1.0716056247110162,0.0,-1.1107270865622165,0.0,1.0,-0.46090373967878445,0.0,0.0,0.2798686073008791,1,-3.8706164453145284
0.0,-0.07061312555789222,0.0,1.473997510800279,0.0,1.0,-0.9628366775870248,1.0,1.0,-1.8639637055519087,0,-4.5959631047685265
1.0,1.1634727324793241,0.0,0.2350368593079371,0.0,1.0,-0.7574471359981706,1.0,1.0,0.1440218069183525,1,-4.12219592686479
1.0,0.6954600768297247,1.0,-0.7311074917291269,1.0,1.0,-0.40507330964126503,0.0,0.0,0.3176674075273802,1,-4.772345906180359
1.0,0.313836117177942,0.0,-0.27450594260388383,0.0,1.0,2.192082811344572,0.0,0.0,0.2901313916559341,1,-3.932788056599664
1.0,0.17978845952046918,1.0,-0.3852571608162826,0.0,0.0,-0.1948750922158943,0.0,0.0,-2.371124569401429,1,-5.177752615856003
1.0,0.2202508866859175,1.0,0.5661951650529625,1.0,1.0,-0.5578234798106717,1.0,1.0,-0.4413109294892559,0,-4.093030796764772
1.0,-1.6582845839023497,0.0,0.7725879392127687,1.0,0.0,-1.0966040790638043,0.0,1.0,-0.5250872343594584,0,-4.073368919638096
1.0,0.5133865496018296,0.0,-1.1763147556346443,0.0,1.0,1.3994762786111077,1.0,0.0,-0.14303761544815827,1,-3.264199755885284
0.0,0.3623755496311403,0.0,0.7704194204335884,0.0,1.0,-0.6636412268513263,0.0,1.0,0.8441361679975751,0,-4.129347091609011
0.0,-1.0559565878047705,0.0,-1.0858299589347684,0.0,0.0,-1.1930463012489718,0.0,0.0,-0.574726529631783,1,-3.978913106974256
0.0,0.5982297553907118,0.0,-2.035771566063776,1.0,1.0,-0.25314895385673586,1.0,0.0,-0.5417839297624166,0,-3.056709336926336
0.0,0.988838943834028,1.0,0.621077213965185,1.0,1.0,2.3741809107136023,0.0,1.0,-0.5232549220026992,1,-5.9694079054736084
0.0,0.47186185725344104,1.0,-0.6388830998964149,0.0,0.0,-0.24591855057497086,0.0,0.0,0.2236045954535279,1,-5.356651770052683
1.0,0.2836677024383374,1.0,-0.7136375748192119,0.0,0.0,-0.9512661099700689,0.0,0.0,-0.21515709116355475,1,-4.574446288270218
0.0,1.2412447794741974,1.0,-0.18047049033551554,1.0,1.0,-0.48463720056961873,1.0,1.0,-3.4408955702422035,1,-5.882744696701644
0.0,-1.0940036603973047,1.0,0.3020870624607554,0.0,0.0,0.9374837066838436,0.0,1.0,-0.07619120005052826,1,-4.808268865817063
1.0,0.6123440597165464,0.0,-2.566449047384802,0.0,1.0,0.24704185886464952,0.0,0.0,0.5077939155772675,0,-2.864245728238226
0.0,-0.9405580872517367,0.0,-2.0729316281056347,0.0,0.0,-1.1271100992200715,0.0,0.0,0.10204785617071348,0,-3.212635866609338
0.0,-2.201354582372452,0.0,0.5505098198087833,0.0,0.0,0.6606429981242684,0.0,1.0,-1.8675405403173009,0,-3.2863619067426924
1.0,1.9266346962172631,0.0,1.3069606880580609,1.0,1.0,0.0858176346692589,1.0,1.0,-0.047320718723276055,0,-4.316552973738135
1.0,-0.5624932961865351,1.0,0.7581471613397123,1.0,0.0,0.9514219386131636,0.0,1.0,1.7609349839217394,1,-4.489528471439482
0.0,1.22994808033482,1.0,-2.0062074369478813,0.0,1.0,1.3614043033085175,1.0,0.0,1.2848176750174567,1,-4.311286560285159
1.0,1.7674607289309139,0.0,-0.276612501808252,0.0,1.0,0.03769911931592918,1.0,0.0,-0.20925666401716317,0,-3.477469247450209
1.0,-0.16129833841148067,1.0,0.05375888271242551,0.0,0.0,0.23201985187673507,1.0,1.0,-0.5647828837386726,1,-4.694873020911899
1.0,0.2850948086372721,1.0,-0.5609320411487552,1.0,1.0,-1.2480648597130148,1.0,0.0,0.9078114435694271,1,-3.359957859502251
0.0,-0.4352862582118535,1.0,2.5711085302057435,0.0,0.0,-0.4612815247378453,0.0,1.0,-0.1918007988319203,0,-4.906577453210917
1.0,0.4730922014761938,1.0,-1.1351095942357396,1.0,1.0,-0.019523224815578624,0.0,0.0,0.22530299008201154,1,-4.5292044131140985
0.0,0.8609226441923823,0.0,0.6531947700833157,0.0,1.0,0.2133724039983065,1.0,0.0,0.5064518994054464,0,-3.0096034255683137
0.0,-0.3720268099352733,1.0,1.3245608270661784,0.0,0.0,-1.0648961401391757,1.0,1.0,-0.11437746469845735,1,-4.5379936054530114
0.0,0.9355921997412648,0.0,-0.5620432380719742,0.0,1.0,-0.4415953945316179,0.0,0.0,0.8850055170522857,0,-3.997240760152139
0.0,0.36817905141188945,0.0,-0.6776063608429922,0.0,0.0,1.753218521193262,0.0,0.0,-2.3881575054588593,1,-4.533289808334907
0.0,1.0060599086375366,1.0,-1.0699686180985437,1.0,1.0,0.4802921442756309,1.0,0.0,-1.042467635700866,0,-4.058038306791672
1.0,0.7950011108488942,1.0,-0.548855754788197,1.0,1.0,-1.1178744661380082,0.0,1.0,-2.0248276845346056,1,-5.169777403593076
1.0,-0.038824576614099035,1.0,-1.2053773138677617,1.0,0.0,-1.9299131246540135,1.0,0.0,0.05406168331527982,1,-3.7410327168383395
0.0,0.512376609722342,1.0,2.5873489668138445,0.0,0.0,1.9892634829218214,0.0,1.0,-0.8289986325142182,1,-5.886766025407342
1.0,-0.2975577470533862,1.0,0.7106507645197486,0.0,0.0,1.1825412327557852,1.0,0.0,0.6477314383789831,1,-3.968942955645749
1.0,0.13571457709080745,0.0,-0.05000216471484029,0.0,1.0,0.14867736906334783,0.0,1.0,-0.8166571786969035,0,-3.9909327696788286
1.0,-1.2234513034059586,0.0,-0.4580144146905541,0.0,0.0,-1.627755414166436,0.0,0.0,-1.5123591163032717,1,-3.810629978450297
1.0,-0.47762529989105557,1.0,1.3068172799005149,1.0,0.0,0.4069686818059606,1.0,1.0,0.11452250644611352,1,-4.592535745715434
1.0,-0.6606242276468542,1.0,0.6285607787667986,0.0,0.0,-1.4116076624519018,0.0,1.0,0.13081897076426213,1,-4.589688372158986
1.0,0.943673663587579,1.0,0.19041578226701988,0.0,1.0,-1.5921507472017664,1.0,1.0,0.41367057169315025,1,-4.9965706765679325
0.0,0.3182928133432476,0.0,0.639641452695494,0.0,1.0,-0.568245194737617,1.0,1.0,-2.4844558256499276,0,-3.990938119450686
0.0,1.9834814752403649,0.0,0.973499280056141,1.0,1.0,1.383984797239863,1.0,1.0,-0.7086327308787994,0,-4.439033186199879
1.0,0.44350451871019203,1.0,-0.4806940733287758,1.0,1.0,0.5660315950608164,0.0,0.0,-0.2940795328528023,1,-4.72633973275526
0.0,0.19152881634392646,0.0,-0.45278604018270047,0.0,1.0,1.6092019974515515,0.0,0.0,-0.5471541845186513,1,-4.498552133803488
1.0,1.4590437879839746,0.0,-0.10266622381099774,1.0,1.0,-1.8893244394915527,0.0,0.0,0.10903144385912228,1,-4.6159808492946945
0.0,-1.2282512808646995,1.0,0.23504170104701974,0.0,0.0,-0.20645400878268186,1.0,1.0,1.3708833056202363,0,-3.3115703336730204
1.0,-0.38886226792745765,1.0,-0.48191685571855164,1.0,0.0,-1.3855842826938667,0.0,1.0,-0.5641606439613456,1,-4.75422913576109
0.0,-1.0746101988929895,1.0,0.5304473746469491,0.0,0.0,-1.2219878728858744,0.0,1.0,0.8674761488025797,0,-3.8468159874964534
0.0,0.012832064803463508,1.0,1.2401167288281982,0.0,0.0,-1.1731813919638467,1.0,1.0,0.03000581702891644,0,-4.662486716835551
0.0,-0.1580706261818675,0.0,-0.6795233636210086,1.0,0.0,-1.3172783896770772,1.0,0.0,-0.838880203712907,0,-3.1515389534079588
0.0,1.9665451346176048,1.0,1.3957251249247118,1.0,1.0,-1.1273058562552876,1.0,1.0,1.2676245905136374,0,-4.823604664327057
0.0,-1.4976686963978005,1.0,-2.1073471088539786,0.0,0.0,0.8089338827469436,0.0,0.0,0.8595639295651064,1,-3.7233396977280253
1.0,1.2882902091899204,0.0,0.4486060625782084,0.0,1.0,0.27933633095101335,1.0,0.0,-0.17132247115278793,1,-3.973673223174662
1.0,0.2935302574385833,0.0,0.7085131362320434,1.0,0.0,-0.9264086749714698,0.0,1.0,-0.845552837192955,0,-3.6777521854863306
0.0,0.4723479989708434,1.0,0.679789984083122,0.0,1.0,-1.0173875351327508,0.0,1.0,0.8946062150462636,0,-4.9242131061415755
0.0,0.24317890131147124,1.0,-0.2972578217060205,1.0,0.0,1.1113658585518091,0.0,0.0,1.4953789294662576,1,-4.4494367245410915
0.0,-1.0069050245397162,0.0,0.2208904894673999,0.0,0.0,-0.29828535370982534,1.0,1.0,0.7900857352671202,1,-3.1181208798285054
1.0,0.8258487651762106,0.0,0.892244476158724,1.0,1.0,0.05526232516668755,0.0,0.0,-1.2730489251417207,0,-4.3190483350344735
1.0,0.13445242375908886,0.0,-0.33620448907850126,0.0,1.0,-1.37461069339813,1.0,0.0,-0.14758781525187223,0,-2.689291329231321
1.0,1.6333772498635115,1.0,0.34045248757058943,0.0,1.0,-1.1144313480807244,1.0,1.0,-1.1333755473339064,1,-5.487445819082503
0.0,1.5943781029628157,0.0,-2.0593091428603225,1.0,1.0,0.5081196781952286,1.0,0.0,0.6981776315179962,0,-3.6405345522681687
1.0,-1.537766037128026,1.0,0.0018896063699394906,1.0,0.0,-0.5213170514489848,0.0,1.0,-1.2993510660934948,1,-4.58822589994679
1.0,0.9174928491935507,1.0,-1.4987978856838589,0.0,1.0,1.2473079666912807,1.0,0.0,-1.1650658363708817,1,-4.479968761504007
1.0,-0.9212221108663379,1.0,-1.4179670101478066,0.0,0.0,-1.281873562001512,0.0,0.0,-0.47741671924921725,0,-3.9732244277885242
0.0,0.3707076849569032,1.0,-1.678226100559439,1.0,0.0,0.16509397633062187,0.0,0.0,-0.19680135438166374,1,-4.9585408314574275
0.0,1.1283009467219258,1.0,-0.4204442577678028,1.0,1.0,-1.5597576529209107,0.0,0.0,-1.1290310828635353,1,-5.794689384729914
0.0,1.7087508261430029,1.0,2.311535858467693,1.0,1.0,1.4377851063285363,0.0,1.0,1.062312441145051,0,-5.403852277639223
1.0,-0.2414725064628545,1.0,1.5190597438287223,0.0,0.0,0.7610165863089015,1.0,1.0,0.14536302076478272,1,-4.7507591025133955
1.0,0.40751054019774036,0.0,-0.6236249632024004,0.0,0.0,0.7098831589080072,0.0,0.0,-0.8115283193708875,1,-4.317883637712672
0.0,0.28903946460606394,0.0,0.49078589462827193,0.0,1.0,0.22869277076622835,0.0,1.0,-1.2186422597451023,0,-4.160929737414296
1.0,-1.574921151032756,1.0,0.16459010041947414,1.0,0.0,0.8843075874590796,0.0,1.0,0.17473340924934094,1,-4.257037548917622
1.0,-1.1166484654360818,1.0,1.166249063693082,0.0,0.0,0.8916104045480627,0.0,1.0,-0.19152345443464194,1,-5.222811763470405
0.0,0.4590237392312419,0.0,0.2596157263292197,1.0,1.0,-0.4333073487113885,0.0,1.0,0.1760374171491941,0,-4.375067421980351
0.0,0.42329404830392553,0.0,-1.3535093940013343,0.0,1.0,1.1042993665293517,1.0,0.0,0.16445527075343247,1,-2.9736708270659213
1.0,1.441126222342685,0.0,-1.0572212834808055,0.0,1.0,0.9144018533040209,0.0,0.0,-1.8097591726737268,1,-4.407031478227793
1.0,0.23274335300706167,1.0,0.5277752013791587,0.0,0.0,0.7174921088041473,1.0,0.0,-0.33028531349113693,1,-4.073448777732517
1.0,0.9063528413024822,0.0,-1.5512527663174103,1.0,1.0,0.6910970939922756,1.0,0.0,-0.09962088848833461,0,-2.7071921019766982
1.0,0.6122737545263954,0.0,0.4708834056724621,0.0,1.0,0.5229055460605285,0.0,1.0,-1.0480470154511308,1,-4.6480138880376645
1.0,-0.24035352150141973,0.0,-0.16793826371490542,0.0,1.0,-1.518000043667665,1.0,0.0,-0.7666075603405516,1,-3.494178321769542
1.0,0.5926975539432443,1.0,2.277992226564701,1.0,1.0,0.2983511358306623,1.0,1.0,-1.17619973322576,0,-4.729647196596394
0.0,0.6395227147771471,1.0,1.983866259326518,0.0,1.0,1.3742899829472746,1.0,1.0,0.6146638783754026,1,-5.433732722101064
0.0,-2.4440308093849876,1.0,-0.41075315266734413,0.0,0.0,0.1373437496754229,1.0,1.0,0.4104049119009049,0,-2.2813578892222526
1.0,1.1679428814928665,1.0,0.373604948707236,0.0,1.0,0.631451039418593,1.0,1.0,0.078661294320156,0,-3.6646863328222286
1.0,1.6564103426189374,1.0,-1.5211468365848957,0.0,1.0,0.7241539192819798,0.0,0.0,0.1722917642257756,1,-5.262176533345896
1.0,1.3137530453477868,0.0,0.15969923451887083,1.0,1.0,0.4285715170509093,0.0,0.0,0.19565977805259507,0,-3.799339656385415
1.0,-1.0252203611421042,1.0,0.08789998547360534,0.0,0.0,-1.1425735335009664,0.0,0.0,-1.0296811324726929,1,-4.93668520524856
1.0,-1.5934845213667754,0.0,-0.479459960261689,1.0,0.0,-0.7882821135631188,0.0,0.0,-1.036727942368531,0,-3.032927803050938
1.0,-1.3944029095598593,1.0,1.4698334502143546,1.0,0.0,-0.9594844685887249,0.0,1.0,-0.9003457699919538,1,-4.2698101526726635
1.0,1.2613030700124863,0.0,2.273195666526463,0.0,1.0,-1.1447985539088594,0.0,1.0,-1.2156851229982986,0,-4.336112951550545
0.0,-1.6102096546093971,1.0,-1.1583140629589401,0.0,0.0,0.44050979998918005,1.0,0.0,0.02252157127701619,1,-3.801498226052212
1.0,0.5918247166894965,1.0,0.03315814018989699,0.0,0.0,0.08527431273641019,0.0,1.0,-1.1619786387645972,0,-4.876315327695346
1.0,-0.09585094867352298,1.0,0.08588341917058896,0.0,1.0,-0.7329064485181402,1.0,1.0,1.0214885750197473,1,-3.485121740181188
0.0,-1.5838263933049264,0.0,-0.8491115561010121,0.0,0.0,0.06356605612206623,0.0,0.0,-0.6081763723134385,0,-2.7968906359269683
